2024-08-27/11ч53м12с

+ + + /MHJ_obj/объект №1: dim=2; Fval=4.00e+00; ss_init=1.00e-02; ss_min=1.00e-11; ss_coef=2; minFval=1.00e-11; maxNEv=100000.0; X=[-1, 1]; 
g1p1: -3e-02[ 1e-02 -1e-02]
g1p2: -1e-02[ 0e+00 -1e-02]
g1p3: -3e-02[ 1e-02 -1e-02]
g1p4: -9e-03[ 0e+00 -1e-02]
g1p5: -3e-02[ 1e-02 -1e-02]
g1p6: -7e-03[ 0e+00 -1e-02]
g1p7: -3e-02[ 1e-02 -1e-02]
g1p8: -5e-03[ 0e+00 -1e-02]
g1p9: -3e-02[ 1e-02 -1e-02]
g1p10: -3e-03[ 0e+00 -1e-02]
g1p11: -3e-02[ 1e-02 -1e-02]
g1p12: -5e-04[ 0e+00 -1e-02]
g1p13: -3e-02[ 1e-02 -1e-02]
g1p14: +0e+00[ 0e+00  0e+00]
Gs:ss_cur |dFval   |dNEv/dNSc|dPLen   ||Fval    |
g1:1.0e-02|-2.6e-01|  49/  20|2.00e-01||3.74e+00|
g2p1: -1e-02[ 5e-03 -5e-03]
g2p2: -6e-03[ 0e+00 -5e-03]
g2p3: -1e-02[ 5e-03 -5e-03]
g2p4: -5e-03[ 0e+00 -5e-03]
g2p5: -1e-02[ 5e-03 -5e-03]
g2p6: -4e-03[ 0e+00 -5e-03]
g2p7: -1e-02[ 5e-03 -5e-03]
g2p8: -3e-03[ 0e+00 -5e-03]
g2p9: -1e-02[ 5e-03 -5e-03]
g2p10: -1e-02[ 5e-03 -5e-03]
g2p11: -6e-03[ 0e+00 -5e-03]
g2p12: -1e-02[ 5e-03 -5e-03]
g2p13: -5e-03[ 0e+00 -5e-03]
g2p14: -1e-02[ 5e-03 -5e-03]
g2p15: -3e-03[ 0e+00 -5e-03]
g2p16: -1e-02[ 5e-03 -5e-03]
g2p17: -2e-03[ 0e+00 -5e-03]
g2p18: -1e-02[ 5e-03 -5e-03]
g2p19: -1e-02[ 5e-03 -5e-03]
g2p20: -5e-03[ 0e+00 -5e-03]
g2p21: -1e-02[ 5e-03 -5e-03]
g2p22: -3e-03[ 0e+00 -5e-03]
g2p23: -1e-02[ 5e-03 -5e-03]
g2p24: -2e-03[ 0e+00 -5e-03]
g2p25: -1e-02[ 5e-03 -5e-03]
g2p26: -1e-02[ 5e-03 -5e-03]
g2p27: -4e-03[ 0e+00 -5e-03]
g2p28: -1e-02[ 5e-03 -5e-03]
g2p29: -2e-03[ 0e+00 -5e-03]
g2p30: -1e-02[ 5e-03 -5e-03]
g2p31: -1e-02[ 5e-03 -5e-03]
g2p32: -4e-03[ 0e+00 -5e-03]
g2p33: -1e-02[ 5e-03 -5e-03]
g2p34: -2e-03[ 0e+00 -5e-03]
g2p35: -1e-02[ 5e-03 -5e-03]
g2p36: -1e-02[ 5e-03 -5e-03]
g2p37: -4e-03[ 0e+00 -5e-03]
g2p38: -1e-02[ 5e-03 -5e-03]
g2p39: -2e-03[ 0e+00 -5e-03]
g2p40: -1e-02[ 5e-03 -5e-03]
g2p41: -1e-02[ 5e-03 -5e-03]
g2p42: -3e-03[ 0e+00 -5e-03]
g2p43: -1e-02[ 5e-03 -5e-03]
g2p44: -9e-03[ 5e-03 -5e-03]
g2p45: -4e-03[ 0e+00 -5e-03]
g2p46: -1e-02[ 5e-03 -5e-03]
g2p47: -2e-03[ 0e+00 -5e-03]
g2p48: -1e-02[ 5e-03 -5e-03]
g2p49: -1e-02[ 5e-03 -5e-03]
g2p50: -3e-03[ 0e+00 -5e-03]
g2p51: -1e-02[ 5e-03 -5e-03]
g2p52: -9e-03[ 5e-03 -5e-03]
g2p53: -3e-03[ 0e+00 -5e-03]
g2p54: -1e-02[ 5e-03 -5e-03]
g2p55: -9e-03[ 5e-03 -5e-03]
g2p56: -3e-03[ 0e+00 -5e-03]
g2p57: -1e-02[ 5e-03 -5e-03]
g2p58: -9e-03[ 5e-03 -5e-03]
g2p59: -3e-03[ 0e+00 -5e-03]
g2p60: -1e-02[ 5e-03 -5e-03]
g2p61: -9e-03[ 5e-03 -5e-03]
g2p62: -3e-03[ 0e+00 -5e-03]
g2p63: -1e-02[ 5e-03 -5e-03]
g2p64: -9e-03[ 5e-03 -5e-03]
g2p65: -3e-03[ 0e+00 -5e-03]
g2p66: -1e-02[ 5e-03 -5e-03]
g2p67: -9e-03[ 5e-03 -5e-03]
g2p68: -2e-03[ 0e+00 -5e-03]
g2p69: -1e-02[ 5e-03 -5e-03]
g2p70: -9e-03[ 5e-03 -5e-03]
g2p71: -1e-03[ 0e+00 -5e-03]
g2p72: -1e-02[ 5e-03 -5e-03]
g2p73: -9e-03[ 5e-03 -5e-03]
g2p74: -8e-03[ 5e-03 -5e-03]
g2p75: -2e-03[ 0e+00 -5e-03]
g2p76: -1e-02[ 5e-03 -5e-03]
g2p77: -9e-03[ 5e-03 -5e-03]
g2p78: -1e-03[ 0e+00 -5e-03]
g2p79: -1e-02[ 5e-03 -5e-03]
g2p80: -9e-03[ 5e-03 -5e-03]
g2p81: -8e-03[ 5e-03 -5e-03]
g2p82: -2e-03[ 0e+00 -5e-03]
g2p83: -9e-03[ 5e-03 -5e-03]
g2p84: -9e-03[ 5e-03 -5e-03]
g2p85: -8e-03[ 5e-03 -5e-03]
g2p86: -1e-03[ 0e+00 -5e-03]
g2p87: -9e-03[ 5e-03 -5e-03]
g2p88: -9e-03[ 5e-03 -5e-03]
g2p89: -8e-03[ 5e-03 -5e-03]
g2p90: -8e-03[ 5e-03 -5e-03]
g2p91: -2e-03[ 0e+00 -5e-03]
g2p92: -9e-03[ 5e-03 -5e-03]
g2p93: -8e-03[ 5e-03 -5e-03]
g2p94: -8e-03[ 5e-03 -5e-03]
g2p95: -8e-03[ 5e-03 -5e-03]
g2p96: -2e-03[ 0e+00 -5e-03]
g2p97: -9e-03[ 5e-03 -5e-03]
g2p98: -8e-03[ 5e-03 -5e-03]
g2p99: -8e-03[ 5e-03 -5e-03]
g2p100: -8e-03[ 5e-03 -5e-03]
g2p101: -8e-03[ 5e-03 -5e-03]
g2p102: -2e-03[ 0e+00 -5e-03]
g2p103: -8e-03[ 5e-03 -5e-03]
g2p104: -8e-03[ 5e-03 -5e-03]
g2p105: -8e-03[ 5e-03 -5e-03]
g2p106: -8e-03[ 5e-03 -5e-03]
g2p107: -8e-03[ 5e-03 -5e-03]
g2p108: -8e-03[ 5e-03 -5e-03]
g2p109: -8e-03[ 5e-03 -5e-03]
g2p110: -2e-03[ 0e+00 -5e-03]
g2p111: -8e-03[ 5e-03 -5e-03]
g2p112: -8e-03[ 5e-03 -5e-03]
g2p113: -8e-03[ 5e-03 -5e-03]
g2p114: -8e-03[ 5e-03 -5e-03]
g2p115: -8e-03[ 5e-03 -5e-03]
g2p116: -8e-03[ 5e-03 -5e-03]
g2p117: -8e-03[ 5e-03 -5e-03]
g2p118: -8e-03[ 5e-03 -5e-03]
g2p119: -8e-03[ 5e-03 -5e-03]
g2p120: -8e-03[ 5e-03 -5e-03]
g2p121: -8e-03[ 5e-03 -5e-03]
g2p122: -8e-03[ 5e-03 -5e-03]
g2p123: -8e-03[ 5e-03 -5e-03]
g2p124: -8e-03[ 5e-03 -5e-03]
g2p125: -8e-03[ 5e-03 -5e-03]
g2p126: -8e-03[ 5e-03 -5e-03]
g2p127: -8e-03[ 5e-03 -5e-03]
g2p128: -8e-03[ 5e-03 -5e-03]
g2p129: -8e-03[ 5e-03 -5e-03]
g2p130: -7e-03[ 5e-03 -5e-03]
g2p131: -7e-03[ 5e-03 -5e-03]
g2p132: -7e-03[ 5e-03 -5e-03]
g2p133: -7e-03[ 5e-03 -5e-03]
g2p134: -7e-03[ 5e-03 -5e-03]
g2p135: -7e-03[ 5e-03 -5e-03]
g2p136: -7e-03[ 5e-03  0e+00]
g2p137: -8e-03[ 5e-03 -5e-03]
g2p138: -7e-03[ 5e-03 -5e-03]
g2p139: -7e-03[ 5e-03 -5e-03]
g2p140: -7e-03[ 5e-03 -5e-03]
g2p141: -7e-03[ 5e-03 -5e-03]
g2p142: -8e-03[ 5e-03  0e+00]
g2p143: -8e-03[ 5e-03 -5e-03]
g2p144: -7e-03[ 5e-03 -5e-03]
g2p145: -7e-03[ 5e-03 -5e-03]
g2p146: -7e-03[ 5e-03  0e+00]
g2p147: -8e-03[ 5e-03 -5e-03]
g2p148: -7e-03[ 5e-03 -5e-03]
g2p149: -7e-03[ 5e-03 -5e-03]
g2p150: -7e-03[ 5e-03  0e+00]
g2p151: -8e-03[ 5e-03 -5e-03]
g2p152: -7e-03[ 5e-03 -5e-03]
g2p153: -7e-03[ 5e-03  0e+00]
g2p154: -8e-03[ 5e-03 -5e-03]
g2p155: -7e-03[ 5e-03 -5e-03]
g2p156: -7e-03[ 5e-03  0e+00]
g2p157: -8e-03[ 5e-03 -5e-03]
g2p158: -7e-03[ 5e-03 -5e-03]
g2p159: -7e-03[ 5e-03  0e+00]
g2p160: -8e-03[ 5e-03 -5e-03]
g2p161: -7e-03[ 5e-03 -5e-03]
g2p162: -8e-03[ 5e-03  0e+00]
g2p163: -8e-03[ 5e-03 -5e-03]
g2p164: -7e-03[ 5e-03  0e+00]
g2p165: -8e-03[ 5e-03 -5e-03]
g2p166: -7e-03[ 5e-03  0e+00]
g2p167: -8e-03[ 5e-03 -5e-03]
g2p168: -7e-03[ 5e-03 -5e-03]
g2p169: -8e-03[ 5e-03  0e+00]
g2p170: -7e-03[ 5e-03 -5e-03]
g2p171: -8e-03[ 5e-03  0e+00]
g2p172: -8e-03[ 5e-03 -5e-03]
g2p173: -8e-03[ 5e-03  0e+00]
g2p174: -8e-03[ 5e-03 -5e-03]
g2p175: -8e-03[ 5e-03  0e+00]
g2p176: -7e-03[ 5e-03 -5e-03]
g2p177: -9e-03[ 5e-03  0e+00]
g2p178: -8e-03[ 5e-03  0e+00]
g2p179: -9e-03[ 5e-03 -5e-03]
g2p180: -8e-03[ 5e-03  0e+00]
g2p181: -8e-03[ 5e-03 -5e-03]
g2p182: -8e-03[ 5e-03  0e+00]
g2p183: -8e-03[ 5e-03  0e+00]
g2p184: -9e-03[ 5e-03 -5e-03]
g2p185: -8e-03[ 5e-03  0e+00]
g2p186: -8e-03[ 5e-03 -5e-03]
g2p187: -9e-03[ 5e-03  0e+00]
g2p188: -8e-03[ 5e-03  0e+00]
g2p189: -8e-03[ 5e-03 -5e-03]
g2p190: -9e-03[ 5e-03  0e+00]
g2p191: -8e-03[ 5e-03  0e+00]
g2p192: -8e-03[ 5e-03 -5e-03]
g2p193: -9e-03[ 5e-03  0e+00]
g2p194: -9e-03[ 5e-03  0e+00]
g2p195: -8e-03[ 5e-03  0e+00]
g2p196: -9e-03[ 5e-03 -5e-03]
g2p197: -9e-03[ 5e-03  0e+00]
g2p198: -9e-03[ 5e-03  0e+00]
g2p199: -9e-03[ 5e-03  0e+00]
g2p200: -9e-03[ 5e-03 -5e-03]
g2p201: -9e-03[ 5e-03  0e+00]
g2p202: -9e-03[ 5e-03  0e+00]
g2p203: -9e-03[ 5e-03  0e+00]
g2p204: -9e-03[ 5e-03  0e+00]
g2p205: -9e-03[ 5e-03 -5e-03]
g2p206: -9e-03[ 5e-03  0e+00]
g2p207: -9e-03[ 5e-03  0e+00]
g2p208: -9e-03[ 5e-03  0e+00]
g2p209: -9e-03[ 5e-03  0e+00]
g2p210: -9e-03[ 5e-03  0e+00]
g2p211: -9e-03[ 5e-03  0e+00]
g2p212: -9e-03[ 5e-03 -5e-03]
g2p213: -1e-02[ 5e-03  0e+00]
g2p214: -1e-02[ 5e-03  0e+00]
g2p215: -1e-02[ 5e-03  0e+00]
g2p216: -1e-02[ 5e-03  0e+00]
g2p217: -1e-02[ 5e-03  0e+00]
g2p218: -1e-02[ 5e-03  0e+00]
g2p219: -1e-02[ 5e-03  0e+00]
g2p220: -1e-02[ 5e-03  0e+00]
g2p221: -1e-02[ 5e-03  0e+00]
g2p222: -1e-02[ 5e-03  0e+00]
g2p223: -1e-02[ 5e-03  0e+00]
g2p224: -1e-02[ 5e-03  0e+00]
g2p225: -1e-02[ 5e-03  0e+00]
g2p226: -1e-02[ 5e-03  0e+00]
g2p227: -1e-02[ 5e-03  0e+00]
g2p228: -1e-02[ 5e-03  0e+00]
g2p229: -1e-02[ 5e-03  0e+00]
g2p230: -1e-02[ 5e-03  0e+00]
g2p231: -1e-02[ 5e-03  0e+00]
g2p232: -1e-02[ 5e-03  0e+00]
g2p233: -1e-02[ 5e-03  5e-03]
g2p234: -1e-02[ 5e-03  0e+00]
g2p235: -1e-02[ 5e-03  0e+00]
g2p236: -1e-02[ 5e-03  0e+00]
g2p237: -1e-02[ 5e-03  0e+00]
g2p238: -1e-02[ 5e-03  0e+00]
g2p239: -1e-02[ 5e-03  0e+00]
g2p240: -1e-02[ 5e-03  5e-03]
g2p241: -1e-02[ 5e-03  0e+00]
g2p242: -1e-02[ 5e-03  0e+00]
g2p243: -1e-02[ 5e-03  0e+00]
g2p244: -1e-02[ 5e-03  0e+00]
g2p245: -1e-02[ 5e-03  5e-03]
g2p246: -1e-02[ 5e-03  0e+00]
g2p247: -1e-02[ 5e-03  0e+00]
g2p248: -1e-02[ 5e-03  0e+00]
g2p249: -1e-02[ 5e-03  5e-03]
g2p250: -1e-02[ 5e-03  0e+00]
g2p251: -1e-02[ 5e-03  0e+00]
g2p252: -1e-02[ 5e-03  0e+00]
g2p253: -1e-02[ 5e-03  5e-03]
g2p254: -1e-02[ 5e-03  0e+00]
g2p255: -1e-02[ 5e-03  0e+00]
g2p256: -1e-02[ 5e-03  5e-03]
g2p257: -1e-02[ 5e-03  0e+00]
g2p258: -1e-02[ 5e-03  0e+00]
g2p259: -1e-02[ 5e-03  5e-03]
g2p260: -1e-02[ 5e-03  0e+00]
g2p261: -1e-02[ 5e-03  5e-03]
g2p262: -1e-02[ 5e-03  0e+00]
g2p263: -1e-02[ 5e-03  0e+00]
g2p264: -1e-02[ 5e-03  5e-03]
g2p265: -1e-02[ 5e-03  0e+00]
g2p266: -1e-02[ 5e-03  5e-03]
g2p267: -1e-02[ 5e-03  0e+00]
g2p268: -1e-02[ 5e-03  0e+00]
g2p269: -1e-02[ 5e-03  5e-03]
g2p270: -1e-02[ 5e-03  0e+00]
g2p271: -1e-02[ 5e-03  5e-03]
g2p272: -1e-02[ 5e-03  0e+00]
g2p273: -1e-02[ 5e-03  5e-03]
g2p274: -1e-02[ 5e-03  0e+00]
g2p275: -1e-02[ 5e-03  5e-03]
g2p276: -1e-02[ 5e-03  0e+00]
g2p277: -1e-02[ 5e-03  5e-03]
g2p278: -1e-02[ 5e-03  5e-03]
g2p279: -1e-02[ 5e-03  0e+00]
g2p280: -1e-02[ 5e-03  5e-03]
g2p281: -1e-02[ 5e-03  0e+00]
g2p282: -1e-02[ 5e-03  5e-03]
g2p283: -1e-02[ 5e-03  0e+00]
g2p284: -1e-02[ 5e-03  5e-03]
g2p285: -1e-02[ 5e-03  5e-03]
g2p286: -1e-02[ 5e-03  0e+00]
g2p287: -1e-02[ 5e-03  5e-03]
g2p288: -1e-02[ 5e-03  5e-03]
g2p289: -1e-02[ 5e-03  0e+00]
g2p290: -1e-02[ 5e-03  5e-03]
g2p291: -1e-02[ 5e-03  5e-03]
g2p292: -1e-02[ 5e-03  0e+00]
g2p293: -1e-02[ 5e-03  5e-03]
g2p294: -1e-02[ 5e-03  5e-03]
g2p295: -1e-02[ 5e-03  0e+00]
g2p296: -1e-02[ 5e-03  5e-03]
g2p297: -1e-02[ 5e-03  5e-03]
g2p298: -1e-02[ 5e-03  5e-03]
g2p299: -1e-02[ 5e-03  0e+00]
g2p300: -1e-02[ 5e-03  5e-03]
g2p301: -1e-02[ 5e-03  5e-03]
g2p302: -1e-02[ 5e-03  5e-03]
g2p303: -1e-02[ 5e-03  0e+00]
g2p304: -1e-02[ 5e-03  5e-03]
g2p305: -1e-02[ 5e-03  5e-03]
g2p306: -1e-02[ 5e-03  5e-03]
g2p307: -1e-02[ 5e-03  5e-03]
g2p308: -1e-02[ 5e-03  5e-03]
g2p309: -1e-02[ 5e-03  0e+00]
g2p310: -1e-02[ 5e-03  5e-03]
g2p311: -1e-02[ 5e-03  5e-03]
g2p312: -1e-02[ 5e-03  5e-03]
g2p313: -1e-02[ 5e-03  5e-03]
g2p314: -1e-02[ 5e-03  5e-03]
g2p315: -1e-02[ 5e-03  5e-03]
g2p316: -1e-02[ 5e-03  5e-03]
g2p317: -1e-02[ 5e-03  5e-03]
g2p318: -1e-02[ 5e-03  5e-03]
g2p319: -1e-02[ 5e-03  5e-03]
g2p320: -1e-02[ 5e-03  5e-03]
g2p321: -1e-02[ 5e-03  5e-03]
g2p322: -1e-02[ 5e-03  0e+00]
g2p323: -1e-02[ 5e-03  5e-03]
g2p324: -1e-02[ 5e-03  5e-03]
g2p325: -1e-02[ 5e-03  5e-03]
g2p326: -1e-02[ 5e-03  5e-03]
g2p327: -1e-02[ 5e-03  5e-03]
g2p328: -1e-02[ 5e-03  5e-03]
g2p329: -1e-02[ 5e-03  5e-03]
g2p330: -1e-02[ 5e-03  5e-03]
g2p331: -1e-02[ 5e-03  5e-03]
g2p332: -1e-02[ 5e-03  5e-03]
g2p333: -1e-02[ 5e-03  5e-03]
g2p334: -1e-02[ 5e-03  5e-03]
g2p335: -1e-02[ 5e-03  5e-03]
g2p336: -1e-02[ 5e-03  5e-03]
g2p337: -1e-02[ 5e-03  5e-03]
g2p338: -1e-02[ 5e-03  5e-03]
g2p339: -6e-03[ 0e+00  5e-03]
g2p340: -1e-02[ 5e-03  5e-03]
g2p341: -1e-02[ 5e-03  5e-03]
g2p342: -1e-02[ 5e-03  5e-03]
g2p343: -1e-02[ 5e-03  5e-03]
g2p344: -1e-02[ 5e-03  5e-03]
g2p345: -5e-03[ 0e+00  5e-03]
g2p346: -1e-02[ 5e-03  5e-03]
g2p347: -1e-02[ 5e-03  5e-03]
g2p348: -1e-02[ 5e-03  5e-03]
g2p349: -1e-02[ 5e-03  5e-03]
g2p350: -4e-03[ 0e+00  5e-03]
g2p351: -1e-02[ 5e-03  5e-03]
g2p352: -1e-02[ 5e-03  5e-03]
g2p353: -1e-02[ 5e-03  5e-03]
g2p354: -3e-03[ 0e+00  5e-03]
g2p355: -1e-02[ 5e-03  5e-03]
g2p356: -1e-02[ 5e-03  5e-03]
g2p357: -1e-02[ 5e-03  5e-03]
g2p358: -9e-03[ 5e-03  5e-03]
g2p359: -4e-03[ 0e+00  5e-03]
g2p360: -1e-02[ 5e-03  5e-03]
g2p361: -9e-03[ 5e-03  5e-03]
g2p362: -9e-03[ 5e-03  5e-03]
g2p363: -4e-03[ 0e+00  5e-03]
g2p364: -1e-02[ 5e-03  5e-03]
g2p365: -9e-03[ 5e-03  5e-03]
g2p366: -2e-03[ 0e+00  5e-03]
g2p367: -1e-02[ 5e-03  5e-03]
g2p368: -9e-03[ 5e-03  5e-03]
g2p369: -9e-03[ 5e-03  5e-03]
g2p370: -3e-03[ 0e+00  5e-03]
g2p371: -1e-02[ 5e-03  5e-03]
g2p372: -9e-03[ 5e-03  5e-03]
g2p373: -2e-03[ 0e+00  5e-03]
g2p374: -1e-02[ 5e-03  5e-03]
g2p375: -9e-03[ 5e-03  5e-03]
g2p376: -7e-04[ 0e+00  5e-03]
g2p377: -1e-02[ 5e-03  5e-03]
g2p378: -9e-03[ 5e-03  5e-03]
g2p379: -8e-03[ 5e-03  5e-03]
g2p380: -2e-03[ 0e+00  5e-03]
g2p381: -9e-03[ 5e-03  5e-03]
g2p382: -8e-03[ 5e-03  5e-03]
g2p383: -2e-03[ 0e+00  5e-03]
g2p384: -9e-03[ 5e-03  5e-03]
g2p385: -7e-03[ 5e-03  5e-03]
g2p386: -2e-03[ 0e+00  5e-03]
g2p387: -9e-03[ 5e-03  5e-03]
g2p388: -7e-03[ 5e-03  5e-03]
g2p389: -2e-03[ 0e+00  5e-03]
g2p390: -8e-03[ 5e-03  5e-03]
g2p391: +0e+00[ 0e+00  0e+00]
Gs:ss_cur |dFval   |dNEv/dNSc|dPLen   ||Fval    |
g2:5.0e-03|-3.5e+00|1107/ 629|3.34e+00||2.17e-01|
g3p1: -4e-03[ 3e-03  3e-03]
g3p2: -3e-03[ 3e-03  3e-03]
g3p3: -2e-03[ 0e+00  3e-03]
g3p4: -3e-03[ 3e-03  3e-03]
g3p5: -1e-03[ 0e+00  3e-03]
g3p6: -4e-03[ 3e-03  3e-03]
g3p7: -3e-03[ 3e-03  3e-03]
g3p8: -1e-03[ 0e+00  3e-03]
g3p9: -4e-03[ 3e-03  3e-03]
g3p10: -3e-03[ 3e-03  3e-03]
g3p11: -1e-03[ 0e+00  3e-03]
g3p12: -3e-03[ 3e-03  3e-03]
g3p13: -3e-03[ 3e-03  3e-03]
g3p14: -2e-03[ 0e+00  3e-03]
g3p15: -3e-03[ 3e-03  3e-03]
g3p16: -1e-03[ 0e+00  3e-03]
g3p17: -3e-03[ 3e-03  3e-03]
g3p18: -3e-03[ 3e-03  3e-03]
g3p19: -1e-03[ 0e+00  3e-03]
g3p20: -3e-03[ 3e-03  3e-03]
g3p21: -3e-03[ 3e-03  3e-03]
g3p22: -1e-03[ 0e+00  3e-03]
g3p23: -3e-03[ 3e-03  3e-03]
g3p24: -9e-04[ 0e+00  3e-03]
g3p25: -3e-03[ 3e-03  3e-03]
g3p26: -3e-03[ 3e-03  3e-03]
g3p27: -1e-03[ 0e+00  3e-03]
g3p28: -3e-03[ 3e-03  3e-03]
g3p29: -7e-04[ 0e+00  3e-03]
g3p30: -3e-03[ 3e-03  3e-03]
g3p31: -3e-03[ 3e-03  3e-03]
g3p32: -1e-03[ 0e+00  3e-03]
g3p33: -3e-03[ 3e-03  3e-03]
g3p34: -3e-03[ 3e-03  3e-03]
g3p35: -1e-03[ 0e+00  3e-03]
g3p36: -3e-03[ 3e-03  3e-03]
g3p37: -8e-04[ 0e+00  3e-03]
g3p38: -3e-03[ 3e-03  3e-03]
g3p39: -2e-03[ 3e-03  3e-03]
g3p40: -1e-03[ 0e+00  3e-03]
g3p41: -3e-03[ 3e-03  3e-03]
g3p42: -7e-04[ 0e+00  3e-03]
g3p43: -3e-03[ 3e-03  3e-03]
g3p44: -3e-04[ 0e+00  3e-03]
g3p45: -3e-03[ 3e-03  3e-03]
g3p46: -3e-03[ 3e-03  3e-03]
g3p47: -7e-04[ 0e+00  3e-03]
g3p48: -3e-03[ 3e-03  3e-03]
g3p49: -3e-04[ 0e+00  3e-03]
g3p50: -3e-03[ 3e-03  3e-03]
g3p51: -2e-03[ 3e-03  3e-03]
g3p52: -8e-04[ 0e+00  3e-03]
g3p53: -3e-03[ 3e-03  3e-03]
g3p54: -4e-04[ 0e+00  3e-03]
g3p55: -3e-03[ 3e-03  3e-03]
g3p56: -2e-03[ 3e-03  3e-03]
g3p57: -8e-04[ 0e+00  3e-03]
g3p58: -2e-03[ 3e-03  3e-03]
g3p59: -5e-04[ 0e+00  3e-03]
g3p60: -3e-03[ 3e-03  3e-03]
g3p61: -1e-04[ 0e+00  3e-03]
g3p62: -3e-03[ 3e-03  3e-03]
g3p63: -2e-03[ 3e-03  3e-03]
g3p64: -6e-04[ 0e+00  3e-03]
g3p65: -2e-03[ 3e-03  3e-03]
g3p66: -3e-04[ 0e+00  3e-03]
g3p67: -3e-03[ 3e-03  3e-03]
g3p68: +0e+00[ 0e+00  0e+00]
Gs:ss_cur |dFval   |dNEv/dNSc|dPLen   ||Fval    |
g3:2.5e-03|-1.4e-01| 164/ 108|3.61e+00||7.28e-02|
g4p1: -1e-03[ 1e-03  1e-03]
g4p2: -4e-04[ 0e+00  1e-03]
g4p3: -1e-03[ 1e-03  1e-03]
g4p4: -9e-04[ 1e-03  1e-03]
g4p5: -5e-04[ 0e+00  1e-03]
g4p6: -1e-03[ 1e-03  1e-03]
g4p7: -4e-04[ 0e+00  1e-03]
g4p8: -1e-03[ 1e-03  1e-03]
g4p9: -3e-04[ 0e+00  1e-03]
g4p10: -1e-03[ 1e-03  1e-03]
g4p11: -9e-04[ 1e-03  1e-03]
g4p12: -5e-04[ 0e+00  1e-03]
g4p13: -9e-04[ 1e-03  1e-03]
g4p14: -4e-04[ 0e+00  1e-03]
g4p15: -1e-03[ 1e-03  1e-03]
g4p16: -3e-04[ 0e+00  1e-03]
g4p17: -1e-03[ 1e-03  1e-03]
g4p18: -8e-04[ 1e-03  1e-03]
g4p19: -5e-04[ 0e+00  1e-03]
g4p20: -9e-04[ 1e-03  1e-03]
g4p21: -4e-04[ 0e+00  1e-03]
g4p22: -9e-04[ 1e-03  1e-03]
g4p23: -3e-04[ 0e+00  1e-03]
g4p24: -1e-03[ 1e-03  1e-03]
g4p25: -3e-04[ 0e+00  1e-03]
g4p26: -1e-03[ 1e-03  1e-03]
g4p27: -8e-04[ 1e-03  1e-03]
g4p28: -4e-04[ 0e+00  1e-03]
g4p29: -9e-04[ 1e-03  1e-03]
g4p30: -4e-04[ 0e+00  1e-03]
g4p31: -9e-04[ 1e-03  1e-03]
g4p32: -3e-04[ 0e+00  1e-03]
g4p33: -9e-04[ 1e-03  1e-03]
g4p34: -2e-04[ 0e+00  1e-03]
g4p35: -1e-03[ 1e-03  1e-03]
g4p36: -8e-04[ 1e-03  1e-03]
g4p37: -4e-04[ 0e+00  1e-03]
g4p38: -8e-04[ 1e-03  1e-03]
g4p39: -3e-04[ 0e+00  1e-03]
g4p40: -9e-04[ 1e-03  1e-03]
g4p41: -2e-04[ 0e+00  1e-03]
g4p42: -9e-04[ 1e-03  1e-03]
g4p43: -2e-04[ 0e+00  1e-03]
g4p44: -9e-04[ 1e-03  1e-03]
g4p45: -7e-04[ 1e-03  1e-03]
g4p46: -4e-04[ 0e+00  1e-03]
g4p47: -8e-04[ 1e-03  1e-03]
g4p48: -3e-04[ 0e+00  1e-03]
g4p49: -8e-04[ 1e-03  1e-03]
g4p50: -2e-04[ 0e+00  1e-03]
g4p51: -9e-04[ 1e-03  1e-03]
g4p52: -2e-04[ 0e+00  1e-03]
g4p53: -9e-04[ 1e-03  1e-03]
g4p54: -7e-04[ 1e-03  1e-03]
g4p55: -4e-04[ 0e+00  1e-03]
g4p56: -7e-04[ 1e-03  1e-03]
g4p57: -3e-04[ 0e+00  1e-03]
g4p58: -8e-04[ 1e-03  1e-03]
g4p59: -2e-04[ 0e+00  1e-03]
g4p60: -8e-04[ 1e-03  1e-03]
g4p61: -2e-04[ 0e+00  1e-03]
g4p62: -8e-04[ 1e-03  1e-03]
g4p63: -1e-04[ 0e+00  1e-03]
g4p64: -9e-04[ 1e-03  1e-03]
g4p65: -6e-05[ 0e+00  1e-03]
g4p66: -9e-04[ 1e-03  1e-03]
g4p67: -7e-04[ 1e-03  1e-03]
g4p68: -3e-04[ 0e+00  1e-03]
g4p69: -7e-04[ 1e-03  1e-03]
g4p70: -2e-04[ 0e+00  1e-03]
g4p71: -7e-04[ 1e-03  1e-03]
g4p72: -2e-04[ 0e+00  1e-03]
g4p73: -8e-04[ 1e-03  1e-03]
g4p74: -1e-04[ 0e+00  1e-03]
g4p75: -8e-04[ 1e-03  1e-03]
g4p76: -5e-05[ 0e+00  1e-03]
g4p77: -8e-04[ 1e-03  1e-03]
g4p78: -6e-04[ 1e-03  1e-03]
g4p79: -3e-04[ 0e+00  1e-03]
g4p80: -6e-04[ 1e-03  1e-03]
g4p81: -2e-04[ 0e+00  1e-03]
g4p82: -7e-04[ 1e-03  1e-03]
g4p83: -2e-04[ 0e+00  1e-03]
g4p84: -7e-04[ 1e-03  1e-03]
g4p85: -1e-04[ 0e+00  1e-03]
g4p86: -7e-04[ 1e-03  1e-03]
g4p87: -6e-05[ 0e+00  1e-03]
g4p88: -7e-04[ 1e-03  1e-03]
g4p89: -8e-06[ 0e+00  1e-03]
g4p90: -8e-04[ 1e-03  1e-03]
g4p91: +0e+00[ 0e+00  0e+00]
Gs:ss_cur |dFval   |dNEv/dNSc|dPLen   ||Fval    |
g4:1.3e-03|-5.3e-02| 224/ 140|3.79e+00||1.99e-02|
g5p1: -3e-04[ 6e-04  6e-04]
g5p2: -9e-05[ 0e+00  6e-04]
g5p3: -3e-04[ 6e-04  6e-04]
g5p4: -2e-04[ 6e-04  6e-04]
g5p5: -1e-04[ 0e+00  6e-04]
g5p6: -2e-04[ 6e-04  6e-04]
g5p7: -1e-04[ 0e+00  6e-04]
g5p8: -2e-04[ 6e-04  6e-04]
g5p9: -1e-04[ 0e+00  6e-04]
g5p10: -3e-04[ 6e-04  6e-04]
g5p11: -1e-04[ 0e+00  6e-04]
g5p12: -3e-04[ 6e-04  6e-04]
g5p13: -1e-04[ 0e+00  6e-04]
g5p14: -3e-04[ 6e-04  6e-04]
g5p15: -9e-05[ 0e+00  6e-04]
g5p16: -3e-04[ 6e-04  6e-04]
g5p17: -8e-05[ 0e+00  6e-04]
g5p18: -3e-04[ 6e-04  6e-04]
g5p19: -2e-04[ 6e-04  6e-04]
g5p20: -1e-04[ 0e+00  6e-04]
g5p21: -2e-04[ 6e-04  6e-04]
g5p22: -1e-04[ 0e+00  6e-04]
g5p23: -2e-04[ 6e-04  6e-04]
g5p24: -1e-04[ 0e+00  6e-04]
g5p25: -2e-04[ 6e-04  6e-04]
g5p26: -1e-04[ 0e+00  6e-04]
g5p27: -2e-04[ 6e-04  6e-04]
g5p28: -9e-05[ 0e+00  6e-04]
g5p29: -2e-04[ 6e-04  6e-04]
g5p30: -8e-05[ 0e+00  6e-04]
g5p31: -3e-04[ 6e-04  6e-04]
g5p32: -7e-05[ 0e+00  6e-04]
g5p33: -3e-04[ 6e-04  6e-04]
g5p34: -6e-05[ 0e+00  6e-04]
g5p35: -3e-04[ 6e-04  6e-04]
g5p36: -5e-05[ 0e+00  6e-04]
g5p37: -3e-04[ 6e-04  6e-04]
g5p38: -2e-04[ 6e-04  6e-04]
g5p39: -1e-04[ 0e+00  6e-04]
g5p40: -2e-04[ 6e-04  6e-04]
g5p41: -1e-04[ 0e+00  6e-04]
g5p42: -2e-04[ 6e-04  6e-04]
g5p43: -9e-05[ 0e+00  6e-04]
g5p44: -2e-04[ 6e-04  6e-04]
g5p45: -8e-05[ 0e+00  6e-04]
g5p46: -2e-04[ 6e-04  6e-04]
g5p47: -7e-05[ 0e+00  6e-04]
g5p48: -2e-04[ 6e-04  6e-04]
g5p49: -6e-05[ 0e+00  6e-04]
g5p50: -2e-04[ 6e-04  6e-04]
g5p51: -5e-05[ 0e+00  6e-04]
g5p52: -2e-04[ 6e-04  6e-04]
g5p53: -5e-05[ 0e+00  6e-04]
g5p54: -2e-04[ 6e-04  6e-04]
g5p55: -4e-05[ 0e+00  6e-04]
g5p56: -2e-04[ 6e-04  6e-04]
g5p57: -2e-04[ 6e-04  6e-04]
g5p58: -1e-04[ 0e+00  6e-04]
g5p59: -2e-04[ 6e-04  6e-04]
g5p60: -9e-05[ 0e+00  6e-04]
g5p61: -2e-04[ 6e-04  6e-04]
g5p62: -8e-05[ 0e+00  6e-04]
g5p63: -2e-04[ 6e-04  6e-04]
g5p64: -7e-05[ 0e+00  6e-04]
g5p65: -2e-04[ 6e-04  6e-04]
g5p66: -6e-05[ 0e+00  6e-04]
g5p67: -2e-04[ 6e-04  6e-04]
g5p68: -6e-05[ 0e+00  6e-04]
g5p69: -2e-04[ 6e-04  6e-04]
g5p70: -5e-05[ 0e+00  6e-04]
g5p71: -2e-04[ 6e-04  6e-04]
g5p72: -4e-05[ 0e+00  6e-04]
g5p73: -2e-04[ 6e-04  6e-04]
g5p74: -3e-05[ 0e+00  6e-04]
g5p75: -2e-04[ 6e-04  6e-04]
g5p76: -2e-05[ 0e+00  6e-04]
g5p77: -2e-04[ 6e-04  6e-04]
g5p78: -2e-05[ 0e+00  6e-04]
g5p79: -2e-04[ 6e-04  6e-04]
g5p80: -8e-06[ 0e+00  6e-04]
g5p81: -2e-04[ 6e-04  6e-04]
g5p82: -2e-04[ 6e-04  6e-04]
g5p83: -7e-05[ 0e+00  6e-04]
g5p84: -2e-04[ 6e-04  6e-04]
g5p85: -6e-05[ 0e+00  6e-04]
g5p86: -2e-04[ 6e-04  6e-04]
g5p87: -6e-05[ 0e+00  6e-04]
g5p88: -2e-04[ 6e-04  6e-04]
g5p89: -5e-05[ 0e+00  6e-04]
g5p90: -2e-04[ 6e-04  6e-04]
g5p91: -4e-05[ 0e+00  6e-04]
g5p92: -2e-04[ 6e-04  6e-04]
g5p93: -4e-05[ 0e+00  6e-04]
g5p94: -2e-04[ 6e-04  6e-04]
g5p95: -3e-05[ 0e+00  6e-04]
g5p96: -2e-04[ 6e-04  6e-04]
g5p97: -2e-05[ 0e+00  6e-04]
g5p98: -2e-04[ 6e-04  6e-04]
g5p99: -2e-05[ 0e+00  6e-04]
g5p100: -2e-04[ 6e-04  6e-04]
g5p101: -9e-06[ 0e+00  6e-04]
g5p102: -2e-04[ 6e-04  6e-04]
g5p103: -3e-06[ 0e+00  6e-04]
g5p104: -2e-04[ 6e-04  6e-04]
g5p105: +0e+00[ 0e+00  0e+00]
Gs:ss_cur |dFval   |dNEv/dNSc|dPLen   ||Fval    |
g5:6.3e-04|-1.5e-02| 261/ 159|3.89e+00||4.55e-03|
g6p1: -7e-05[ 3e-04  3e-04]
g6p2: -3e-05[ 0e+00  3e-04]
g6p3: -7e-05[ 3e-04  3e-04]
g6p4: -2e-05[ 0e+00  3e-04]
g6p5: -7e-05[ 3e-04  3e-04]
g6p6: -2e-05[ 0e+00  3e-04]
g6p7: -7e-05[ 3e-04  3e-04]
g6p8: -2e-05[ 0e+00  3e-04]
g6p9: -7e-05[ 3e-04  3e-04]
g6p10: -2e-05[ 0e+00  3e-04]
g6p11: -7e-05[ 3e-04  3e-04]
g6p12: -2e-05[ 0e+00  3e-04]
g6p13: -7e-05[ 3e-04  3e-04]
g6p14: -2e-05[ 0e+00  3e-04]
g6p15: -7e-05[ 3e-04  3e-04]
g6p16: -2e-05[ 0e+00  3e-04]
g6p17: -7e-05[ 3e-04  3e-04]
g6p18: -5e-05[ 3e-04  3e-04]
g6p19: -3e-05[ 0e+00  3e-04]
g6p20: -5e-05[ 3e-04  3e-04]
g6p21: -3e-05[ 0e+00  3e-04]
g6p22: -5e-05[ 3e-04  3e-04]
g6p23: -3e-05[ 0e+00  3e-04]
g6p24: -5e-05[ 3e-04  3e-04]
g6p25: -3e-05[ 0e+00  3e-04]
g6p26: -5e-05[ 3e-04  3e-04]
g6p27: -3e-05[ 0e+00  3e-04]
g6p28: -5e-05[ 3e-04  3e-04]
g6p29: -3e-05[ 0e+00  3e-04]
g6p30: -5e-05[ 3e-04  3e-04]
g6p31: -2e-05[ 0e+00  3e-04]
g6p32: -6e-05[ 3e-04  3e-04]
g6p33: -2e-05[ 0e+00  3e-04]
g6p34: -6e-05[ 3e-04  3e-04]
g6p35: -2e-05[ 0e+00  3e-04]
g6p36: -6e-05[ 3e-04  3e-04]
g6p37: -2e-05[ 0e+00  3e-04]
g6p38: -6e-05[ 3e-04  3e-04]
g6p39: -2e-05[ 0e+00  3e-04]
g6p40: -6e-05[ 3e-04  3e-04]
g6p41: -2e-05[ 0e+00  3e-04]
g6p42: -6e-05[ 3e-04  3e-04]
g6p43: -2e-05[ 0e+00  3e-04]
g6p44: -6e-05[ 3e-04  3e-04]
g6p45: -1e-05[ 0e+00  3e-04]
g6p46: -6e-05[ 3e-04  3e-04]
g6p47: -1e-05[ 0e+00  3e-04]
g6p48: -6e-05[ 3e-04  3e-04]
g6p49: -1e-05[ 0e+00  3e-04]
g6p50: -6e-05[ 3e-04  3e-04]
g6p51: -1e-05[ 0e+00  3e-04]
g6p52: -6e-05[ 3e-04  3e-04]
g6p53: -9e-06[ 0e+00  3e-04]
g6p54: -6e-05[ 3e-04  3e-04]
g6p55: -8e-06[ 0e+00  3e-04]
g6p56: -6e-05[ 3e-04  3e-04]
g6p57: -7e-06[ 0e+00  3e-04]
g6p58: -6e-05[ 3e-04  3e-04]
g6p59: -5e-06[ 0e+00  3e-04]
g6p60: -6e-05[ 3e-04  3e-04]
g6p61: -4e-06[ 0e+00  3e-04]
g6p62: -6e-05[ 3e-04  3e-04]
g6p63: -3e-06[ 0e+00  3e-04]
g6p64: -6e-05[ 3e-04  3e-04]
g6p65: -4e-05[ 3e-04  3e-04]
g6p66: -2e-05[ 0e+00  3e-04]
g6p67: -4e-05[ 3e-04  3e-04]
g6p68: -2e-05[ 0e+00  3e-04]
g6p69: -4e-05[ 3e-04  3e-04]
g6p70: -2e-05[ 0e+00  3e-04]
g6p71: -4e-05[ 3e-04  3e-04]
g6p72: -2e-05[ 0e+00  3e-04]
g6p73: -4e-05[ 3e-04  3e-04]
g6p74: -2e-05[ 0e+00  3e-04]
g6p75: -4e-05[ 3e-04  3e-04]
g6p76: -1e-05[ 0e+00  3e-04]
g6p77: -4e-05[ 3e-04  3e-04]
g6p78: -1e-05[ 0e+00  3e-04]
g6p79: -4e-05[ 3e-04  3e-04]
g6p80: -1e-05[ 0e+00  3e-04]
g6p81: -4e-05[ 3e-04  3e-04]
g6p82: -1e-05[ 0e+00  3e-04]
g6p83: -4e-05[ 3e-04  3e-04]
g6p84: -1e-05[ 0e+00  3e-04]
g6p85: -4e-05[ 3e-04  3e-04]
g6p86: -9e-06[ 0e+00  3e-04]
g6p87: -4e-05[ 3e-04  3e-04]
g6p88: -8e-06[ 0e+00  3e-04]
g6p89: -4e-05[ 3e-04  3e-04]
g6p90: -7e-06[ 0e+00  3e-04]
g6p91: -4e-05[ 3e-04  3e-04]
g6p92: -6e-06[ 0e+00  3e-04]
g6p93: -4e-05[ 3e-04  3e-04]
g6p94: -5e-06[ 0e+00  3e-04]
g6p95: -4e-05[ 3e-04  3e-04]
g6p96: -4e-06[ 0e+00  3e-04]
g6p97: -4e-05[ 3e-04  3e-04]
g6p98: -3e-06[ 0e+00  3e-04]
g6p99: -4e-05[ 3e-04  3e-04]
g6p100: -2e-06[ 0e+00  3e-04]
g6p101: -4e-05[ 3e-04  3e-04]
g6p102: -1e-06[ 0e+00  3e-04]
g6p103: -4e-05[ 3e-04  3e-04]
g6p104: -3e-07[ 0e+00  3e-04]
g6p105: -4e-05[ 3e-04  3e-04]
g6p106: +0e+00[ 0e+00  0e+00]
Gs:ss_cur |dFval   |dNEv/dNSc|dPLen   ||Fval    |
g6:3.1e-04|-3.6e-03| 265/ 159|3.94e+00||9.30e-04|
g7p1: -1e-05[ 2e-04  2e-04]
g7p2: -7e-06[ 0e+00  2e-04]
g7p3: -1e-05[ 2e-04  2e-04]
g7p4: -7e-06[ 0e+00  2e-04]
g7p5: -1e-05[ 2e-04  2e-04]
g7p6: -6e-06[ 0e+00  2e-04]
g7p7: -1e-05[ 2e-04  2e-04]
g7p8: -6e-06[ 0e+00  2e-04]
g7p9: -1e-05[ 2e-04  2e-04]
g7p10: -6e-06[ 0e+00  2e-04]
g7p11: -1e-05[ 2e-04  2e-04]
g7p12: -6e-06[ 0e+00  2e-04]
g7p13: -1e-05[ 2e-04  2e-04]
g7p14: -6e-06[ 0e+00  2e-04]
g7p15: -1e-05[ 2e-04  2e-04]
g7p16: -5e-06[ 0e+00  2e-04]
g7p17: -1e-05[ 2e-04  2e-04]
g7p18: -5e-06[ 0e+00  2e-04]
g7p19: -1e-05[ 2e-04  2e-04]
g7p20: -5e-06[ 0e+00  2e-04]
g7p21: -1e-05[ 2e-04  2e-04]
g7p22: -5e-06[ 0e+00  2e-04]
g7p23: -1e-05[ 2e-04  2e-04]
g7p24: -4e-06[ 0e+00  2e-04]
g7p25: -1e-05[ 2e-04  2e-04]
g7p26: -4e-06[ 0e+00  2e-04]
g7p27: -1e-05[ 2e-04  2e-04]
g7p28: -4e-06[ 0e+00  2e-04]
g7p29: -1e-05[ 2e-04  2e-04]
g7p30: -4e-06[ 0e+00  2e-04]
g7p31: -1e-05[ 2e-04  2e-04]
g7p32: -4e-06[ 0e+00  2e-04]
g7p33: -1e-05[ 2e-04  2e-04]
g7p34: -3e-06[ 0e+00  2e-04]
g7p35: -1e-05[ 2e-04  2e-04]
g7p36: -3e-06[ 0e+00  2e-04]
g7p37: -1e-05[ 2e-04  2e-04]
g7p38: -3e-06[ 0e+00  2e-04]
g7p39: -1e-05[ 2e-04  2e-04]
g7p40: -3e-06[ 0e+00  2e-04]
g7p41: -1e-05[ 2e-04  2e-04]
g7p42: -3e-06[ 0e+00  2e-04]
g7p43: -1e-05[ 2e-04  2e-04]
g7p44: -2e-06[ 0e+00  2e-04]
g7p45: -1e-05[ 2e-04  2e-04]
g7p46: -2e-06[ 0e+00  2e-04]
g7p47: -1e-05[ 2e-04  2e-04]
g7p48: -2e-06[ 0e+00  2e-04]
g7p49: -1e-05[ 2e-04  2e-04]
g7p50: -2e-06[ 0e+00  2e-04]
g7p51: -1e-05[ 2e-04  2e-04]
g7p52: -2e-06[ 0e+00  2e-04]
g7p53: -1e-05[ 2e-04  2e-04]
g7p54: -1e-06[ 0e+00  2e-04]
g7p55: -1e-05[ 2e-04  2e-04]
g7p56: -1e-06[ 0e+00  2e-04]
g7p57: -1e-05[ 2e-04  2e-04]
g7p58: -1e-06[ 0e+00  2e-04]
g7p59: -1e-05[ 2e-04  2e-04]
g7p60: -8e-07[ 0e+00  2e-04]
g7p61: -1e-05[ 2e-04  2e-04]
g7p62: -6e-07[ 0e+00  2e-04]
g7p63: -1e-05[ 2e-04  2e-04]
g7p64: -5e-07[ 0e+00  2e-04]
g7p65: -1e-05[ 2e-04  2e-04]
g7p66: -3e-07[ 0e+00  2e-04]
g7p67: -1e-05[ 2e-04  2e-04]
g7p68: -1e-07[ 0e+00  2e-04]
g7p69: -1e-05[ 2e-04  2e-04]
g7p70: +0e+00[ 0e+00  0e+00]
Gs:ss_cur |dFval   |dNEv/dNSc|dPLen   ||Fval    |
g7:1.6e-04|-5.9e-04| 176/ 104|3.96e+00||3.39e-04|
g8p1: -5e-06[ 8e-05  8e-05]
g8p2: -2e-06[ 0e+00  8e-05]
g8p3: -5e-06[ 8e-05  8e-05]
g8p4: -2e-06[ 0e+00  8e-05]
g8p5: -5e-06[ 8e-05  8e-05]
g8p6: -2e-06[ 0e+00  8e-05]
g8p7: -5e-06[ 8e-05  8e-05]
g8p8: -2e-06[ 0e+00  8e-05]
g8p9: -5e-06[ 8e-05  8e-05]
g8p10: -2e-06[ 0e+00  8e-05]
g8p11: -5e-06[ 8e-05  8e-05]
g8p12: -2e-06[ 0e+00  8e-05]
g8p13: -4e-06[ 8e-05  8e-05]
g8p14: -2e-06[ 0e+00  8e-05]
g8p15: -4e-06[ 8e-05  8e-05]
g8p16: -1e-06[ 0e+00  8e-05]
g8p17: -4e-06[ 8e-05  8e-05]
g8p18: -1e-06[ 0e+00  8e-05]
g8p19: -4e-06[ 8e-05  8e-05]
g8p20: -1e-06[ 0e+00  8e-05]
g8p21: -4e-06[ 8e-05  8e-05]
g8p22: -1e-06[ 0e+00  8e-05]
g8p23: -4e-06[ 8e-05  8e-05]
g8p24: -1e-06[ 0e+00  8e-05]
g8p25: -4e-06[ 8e-05  8e-05]
g8p26: -1e-06[ 0e+00  8e-05]
g8p27: -4e-06[ 8e-05  8e-05]
g8p28: -1e-06[ 0e+00  8e-05]
g8p29: -4e-06[ 8e-05  8e-05]
g8p30: -1e-06[ 0e+00  8e-05]
g8p31: -4e-06[ 8e-05  8e-05]
g8p32: -1e-06[ 0e+00  8e-05]
g8p33: -4e-06[ 8e-05  8e-05]
g8p34: -1e-06[ 0e+00  8e-05]
g8p35: -4e-06[ 8e-05  8e-05]
g8p36: -1e-06[ 0e+00  8e-05]
g8p37: -4e-06[ 8e-05  8e-05]
g8p38: -1e-06[ 0e+00  8e-05]
g8p39: -4e-06[ 8e-05  8e-05]
g8p40: -1e-06[ 0e+00  8e-05]
g8p41: -4e-06[ 8e-05  8e-05]
g8p42: -9e-07[ 0e+00  8e-05]
g8p43: -4e-06[ 8e-05  8e-05]
g8p44: -9e-07[ 0e+00  8e-05]
g8p45: -4e-06[ 8e-05  8e-05]
g8p46: -8e-07[ 0e+00  8e-05]
g8p47: -4e-06[ 8e-05  8e-05]
g8p48: -8e-07[ 0e+00  8e-05]
g8p49: -4e-06[ 8e-05  8e-05]
g8p50: -8e-07[ 0e+00  8e-05]
g8p51: -4e-06[ 8e-05  8e-05]
g8p52: -7e-07[ 0e+00  8e-05]
g8p53: -4e-06[ 8e-05  8e-05]
g8p54: -7e-07[ 0e+00  8e-05]
g8p55: -4e-06[ 8e-05  8e-05]
g8p56: -6e-07[ 0e+00  8e-05]
g8p57: -4e-06[ 8e-05  8e-05]
g8p58: -6e-07[ 0e+00  8e-05]
g8p59: -4e-06[ 8e-05  8e-05]
g8p60: -6e-07[ 0e+00  8e-05]
g8p61: -4e-06[ 8e-05  8e-05]
g8p62: -5e-07[ 0e+00  8e-05]
g8p63: -4e-06[ 8e-05  8e-05]
g8p64: -5e-07[ 0e+00  8e-05]
g8p65: -4e-06[ 8e-05  8e-05]
g8p66: -4e-07[ 0e+00  8e-05]
g8p67: -4e-06[ 8e-05  8e-05]
g8p68: -4e-07[ 0e+00  8e-05]
g8p69: -4e-06[ 8e-05  8e-05]
g8p70: -4e-07[ 0e+00  8e-05]
g8p71: -4e-06[ 8e-05  8e-05]
g8p72: -3e-07[ 0e+00  8e-05]
g8p73: -4e-06[ 8e-05  8e-05]
g8p74: -3e-07[ 0e+00  8e-05]
g8p75: -4e-06[ 8e-05  8e-05]
g8p76: -3e-07[ 0e+00  8e-05]
g8p77: -4e-06[ 8e-05  8e-05]
g8p78: -2e-07[ 0e+00  8e-05]
g8p79: -4e-06[ 8e-05  8e-05]
g8p80: -2e-07[ 0e+00  8e-05]
g8p81: -4e-06[ 8e-05  8e-05]
g8p82: -1e-07[ 0e+00  8e-05]
g8p83: -4e-06[ 8e-05  8e-05]
g8p84: -3e-06[ 8e-05  8e-05]
g8p85: -1e-06[ 0e+00  8e-05]
g8p86: -3e-06[ 8e-05  8e-05]
g8p87: -1e-06[ 0e+00  8e-05]
g8p88: -2e-06[ 8e-05  8e-05]
g8p89: -1e-06[ 0e+00  8e-05]
g8p90: -2e-06[ 8e-05  8e-05]
g8p91: -1e-06[ 0e+00  8e-05]
g8p92: -2e-06[ 8e-05  8e-05]
g8p93: -1e-06[ 0e+00  8e-05]
g8p94: -2e-06[ 8e-05  8e-05]
g8p95: -1e-06[ 0e+00  8e-05]
g8p96: -2e-06[ 8e-05  8e-05]
g8p97: -1e-06[ 0e+00  8e-05]
g8p98: -2e-06[ 8e-05  8e-05]
g8p99: -1e-06[ 0e+00  8e-05]
g8p100: -2e-06[ 8e-05  8e-05]
g8p101: -1e-06[ 0e+00  8e-05]
g8p102: -2e-06[ 8e-05  8e-05]
g8p103: -1e-06[ 0e+00  8e-05]
g8p104: -2e-06[ 8e-05  8e-05]
g8p105: -9e-07[ 0e+00  8e-05]
g8p106: -2e-06[ 8e-05  8e-05]
g8p107: -9e-07[ 0e+00  8e-05]
g8p108: -2e-06[ 8e-05  8e-05]
g8p109: -9e-07[ 0e+00  8e-05]
g8p110: -2e-06[ 8e-05  8e-05]
g8p111: -8e-07[ 0e+00  8e-05]
g8p112: -2e-06[ 8e-05  8e-05]
g8p113: -8e-07[ 0e+00  8e-05]
g8p114: -2e-06[ 8e-05  8e-05]
g8p115: -8e-07[ 0e+00  8e-05]
g8p116: -2e-06[ 8e-05  8e-05]
g8p117: -7e-07[ 0e+00  8e-05]
g8p118: -2e-06[ 8e-05  8e-05]
g8p119: -7e-07[ 0e+00  8e-05]
g8p120: -2e-06[ 8e-05  8e-05]
g8p121: -7e-07[ 0e+00  8e-05]
g8p122: -2e-06[ 8e-05  8e-05]
g8p123: -6e-07[ 0e+00  8e-05]
g8p124: -2e-06[ 8e-05  8e-05]
g8p125: -6e-07[ 0e+00  8e-05]
g8p126: -2e-06[ 8e-05  8e-05]
g8p127: -6e-07[ 0e+00  8e-05]
g8p128: -2e-06[ 8e-05  8e-05]
g8p129: -5e-07[ 0e+00  8e-05]
g8p130: -2e-06[ 8e-05  8e-05]
g8p131: -5e-07[ 0e+00  8e-05]
g8p132: -2e-06[ 8e-05  8e-05]
g8p133: -5e-07[ 0e+00  8e-05]
g8p134: -2e-06[ 8e-05  8e-05]
g8p135: -4e-07[ 0e+00  8e-05]
g8p136: -2e-06[ 8e-05  8e-05]
g8p137: -4e-07[ 0e+00  8e-05]
g8p138: -2e-06[ 8e-05  8e-05]
g8p139: -4e-07[ 0e+00  8e-05]
g8p140: -2e-06[ 8e-05  8e-05]
g8p141: -4e-07[ 0e+00  8e-05]
g8p142: -2e-06[ 8e-05  8e-05]
g8p143: -3e-07[ 0e+00  8e-05]
g8p144: -2e-06[ 8e-05  8e-05]
g8p145: -3e-07[ 0e+00  8e-05]
g8p146: -2e-06[ 8e-05  8e-05]
g8p147: -3e-07[ 0e+00  8e-05]
g8p148: -2e-06[ 8e-05  8e-05]
g8p149: -2e-07[ 0e+00  8e-05]
g8p150: -2e-06[ 8e-05  8e-05]
g8p151: -2e-07[ 0e+00  8e-05]
g8p152: -2e-06[ 8e-05  8e-05]
g8p153: -2e-07[ 0e+00  8e-05]
g8p154: -2e-06[ 8e-05  8e-05]
g8p155: -1e-07[ 0e+00  8e-05]
g8p156: -2e-06[ 8e-05  8e-05]
g8p157: -1e-07[ 0e+00  8e-05]
g8p158: -2e-06[ 8e-05  8e-05]
g8p159: -8e-08[ 0e+00  8e-05]
g8p160: -1e-06[ 8e-05  8e-05]
g8p161: -5e-08[ 0e+00  8e-05]
g8p162: -1e-06[ 8e-05  8e-05]
g8p163: -2e-08[ 0e+00  8e-05]
g8p164: -1e-06[ 8e-05  8e-05]
g8p165: +0e+00[ 0e+00  0e+00]
Gs:ss_cur |dFval   |dNEv/dNSc|dPLen   ||Fval    |
g8:7.8e-05|-3.2e-04| 413/ 247|3.97e+00||1.61e-05|
g9p1: -2e-07[ 0e+00  4e-05]
g9p2: -5e-07[ 4e-05  4e-05]
g9p3: -1e-07[ 0e+00  4e-05]
g9p4: -5e-07[ 4e-05  4e-05]
g9p5: -1e-07[ 0e+00  4e-05]
g9p6: -5e-07[ 4e-05  4e-05]
g9p7: -1e-07[ 0e+00  4e-05]
g9p8: -5e-07[ 4e-05  4e-05]
g9p9: -1e-07[ 0e+00  4e-05]
g9p10: -5e-07[ 4e-05  4e-05]
g9p11: -1e-07[ 0e+00  4e-05]
g9p12: -5e-07[ 4e-05  4e-05]
g9p13: -1e-07[ 0e+00  4e-05]
g9p14: -5e-07[ 4e-05  4e-05]
g9p15: -1e-07[ 0e+00  4e-05]
g9p16: -5e-07[ 4e-05  4e-05]
g9p17: -1e-07[ 0e+00  4e-05]
g9p18: -5e-07[ 4e-05  4e-05]
g9p19: -9e-08[ 0e+00  4e-05]
g9p20: -5e-07[ 4e-05  4e-05]
g9p21: -8e-08[ 0e+00  4e-05]
g9p22: -5e-07[ 4e-05  4e-05]
g9p23: -7e-08[ 0e+00  4e-05]
g9p24: -5e-07[ 4e-05  4e-05]
g9p25: -7e-08[ 0e+00  4e-05]
g9p26: -4e-07[ 4e-05  4e-05]
g9p27: -6e-08[ 0e+00  4e-05]
g9p28: -4e-07[ 4e-05  4e-05]
g9p29: -5e-08[ 0e+00  4e-05]
g9p30: -4e-07[ 4e-05  4e-05]
g9p31: -5e-08[ 0e+00  4e-05]
g9p32: -4e-07[ 4e-05  4e-05]
g9p33: -4e-08[ 0e+00  4e-05]
g9p34: -4e-07[ 4e-05  4e-05]
g9p35: -3e-08[ 0e+00  4e-05]
g9p36: -4e-07[ 4e-05  4e-05]
g9p37: -3e-08[ 0e+00  4e-05]
g9p38: -4e-07[ 4e-05  4e-05]
g9p39: -2e-08[ 0e+00  4e-05]
g9p40: -4e-07[ 4e-05  4e-05]
g9p41: -1e-08[ 0e+00  4e-05]
g9p42: -4e-07[ 4e-05  4e-05]
g9p43: -6e-09[ 0e+00  4e-05]
g9p44: -4e-07[ 4e-05  4e-05]
g9p45: +0e+00[ 0e+00  0e+00]
Gs:ss_cur |dFval   |dNEv/dNSc|dPLen   ||Fval    |
g9:3.9e-05|-1.2e-05| 114/  66|3.98e+00||4.39e-06|
g10p1: -4e-08[ 0e+00  2e-05]
g10p2: -1e-07[ 2e-05  2e-05]
g10p3: -4e-08[ 0e+00  2e-05]
g10p4: -1e-07[ 2e-05  2e-05]
g10p5: -3e-08[ 0e+00  2e-05]
g10p6: -1e-07[ 2e-05  2e-05]
g10p7: -3e-08[ 0e+00  2e-05]
g10p8: -1e-07[ 2e-05  2e-05]
g10p9: -3e-08[ 0e+00  2e-05]
g10p10: -1e-07[ 2e-05  2e-05]
g10p11: -3e-08[ 0e+00  2e-05]
g10p12: -1e-07[ 2e-05  2e-05]
g10p13: -3e-08[ 0e+00  2e-05]
g10p14: -1e-07[ 2e-05  2e-05]
g10p15: -3e-08[ 0e+00  2e-05]
g10p16: -1e-07[ 2e-05  2e-05]
g10p17: -2e-08[ 0e+00  2e-05]
g10p18: -1e-07[ 2e-05  2e-05]
g10p19: -2e-08[ 0e+00  2e-05]
g10p20: -1e-07[ 2e-05  2e-05]
g10p21: -2e-08[ 0e+00  2e-05]
g10p22: -1e-07[ 2e-05  2e-05]
g10p23: -2e-08[ 0e+00  2e-05]
g10p24: -1e-07[ 2e-05  2e-05]
g10p25: -2e-08[ 0e+00  2e-05]
g10p26: -1e-07[ 2e-05  2e-05]
g10p27: -2e-08[ 0e+00  2e-05]
g10p28: -1e-07[ 2e-05  2e-05]
g10p29: -2e-08[ 0e+00  2e-05]
g10p30: -1e-07[ 2e-05  2e-05]
g10p31: -1e-08[ 0e+00  2e-05]
g10p32: -1e-07[ 2e-05  2e-05]
g10p33: -1e-08[ 0e+00  2e-05]
g10p34: -1e-07[ 2e-05  2e-05]
g10p35: -1e-08[ 0e+00  2e-05]
g10p36: -1e-07[ 2e-05  2e-05]
g10p37: -9e-09[ 0e+00  2e-05]
g10p38: -1e-07[ 2e-05  2e-05]
g10p39: -7e-09[ 0e+00  2e-05]
g10p40: -1e-07[ 2e-05  2e-05]
g10p41: -5e-09[ 0e+00  2e-05]
g10p42: -1e-07[ 2e-05  2e-05]
g10p43: -4e-09[ 0e+00  2e-05]
g10p44: -1e-07[ 2e-05  2e-05]
g10p45: -2e-09[ 0e+00  2e-05]
g10p46: -1e-07[ 2e-05  2e-05]
g10p47: -5e-10[ 0e+00  2e-05]
g10p48: -9e-08[ 2e-05  2e-05]
g10p49: +0e+00[ 0e+00  0e+00]
Gs:ss_cur |dFval   |dNEv/dNSc|dPLen   ||Fval    |
g10:2.0e-05|-3.3e-06| 124/  72|3.98e+00||1.10e-06|
g11p1: -9e-09[ 0e+00  1e-05]
g11p2: -4e-08[ 1e-05  1e-05]
g11p3: -9e-09[ 0e+00  1e-05]
g11p4: -4e-08[ 1e-05  1e-05]
g11p5: -8e-09[ 0e+00  1e-05]
g11p6: -4e-08[ 1e-05  1e-05]
g11p7: -8e-09[ 0e+00  1e-05]
g11p8: -3e-08[ 1e-05  1e-05]
g11p9: -8e-09[ 0e+00  1e-05]
g11p10: -3e-08[ 1e-05  1e-05]
g11p11: -7e-09[ 0e+00  1e-05]
g11p12: -3e-08[ 1e-05  1e-05]
g11p13: -7e-09[ 0e+00  1e-05]
g11p14: -3e-08[ 1e-05  1e-05]
g11p15: -6e-09[ 0e+00  1e-05]
g11p16: -3e-08[ 1e-05  1e-05]
g11p17: -6e-09[ 0e+00  1e-05]
g11p18: -3e-08[ 1e-05  1e-05]
g11p19: -6e-09[ 0e+00  1e-05]
g11p20: -3e-08[ 1e-05  1e-05]
g11p21: -5e-09[ 0e+00  1e-05]
g11p22: -3e-08[ 1e-05  1e-05]
g11p23: -5e-09[ 0e+00  1e-05]
g11p24: -3e-08[ 1e-05  1e-05]
g11p25: -4e-09[ 0e+00  1e-05]
g11p26: -3e-08[ 1e-05  1e-05]
g11p27: -4e-09[ 0e+00  1e-05]
g11p28: -3e-08[ 1e-05  1e-05]
g11p29: -4e-09[ 0e+00  1e-05]
g11p30: -3e-08[ 1e-05  1e-05]
g11p31: -3e-09[ 0e+00  1e-05]
g11p32: -3e-08[ 1e-05  1e-05]
g11p33: -3e-09[ 0e+00  1e-05]
g11p34: -3e-08[ 1e-05  1e-05]
g11p35: -2e-09[ 0e+00  1e-05]
g11p36: -3e-08[ 1e-05  1e-05]
g11p37: -2e-09[ 0e+00  1e-05]
g11p38: -3e-08[ 1e-05  1e-05]
g11p39: -2e-09[ 0e+00  1e-05]
g11p40: -3e-08[ 1e-05  1e-05]
g11p41: -1e-09[ 0e+00  1e-05]
g11p42: -3e-08[ 1e-05  1e-05]
g11p43: -8e-10[ 0e+00  1e-05]
g11p44: -2e-08[ 1e-05  1e-05]
g11p45: -4e-10[ 0e+00  1e-05]
g11p46: -2e-08[ 1e-05  1e-05]
g11p47: -2e-11[ 0e+00  1e-05]
g11p48: -2e-08[ 1e-05  1e-05]
g11p49: +0e+00[ 0e+00  0e+00]
Gs:ss_cur |dFval   |dNEv/dNSc|dPLen   ||Fval    |
g11:9.8e-06|-8.2e-07| 124/  72|3.98e+00||2.75e-07|
g12p1: -2e-09[ 0e+00  5e-06]
g12p2: -9e-09[ 5e-06  5e-06]
g12p3: -2e-09[ 0e+00  5e-06]
g12p4: -9e-09[ 5e-06  5e-06]
g12p5: -2e-09[ 0e+00  5e-06]
g12p6: -9e-09[ 5e-06  5e-06]
g12p7: -2e-09[ 0e+00  5e-06]
g12p8: -9e-09[ 5e-06  5e-06]
g12p9: -2e-09[ 0e+00  5e-06]
g12p10: -9e-09[ 5e-06  5e-06]
g12p11: -2e-09[ 0e+00  5e-06]
g12p12: -8e-09[ 5e-06  5e-06]
g12p13: -2e-09[ 0e+00  5e-06]
g12p14: -8e-09[ 5e-06  5e-06]
g12p15: -2e-09[ 0e+00  5e-06]
g12p16: -8e-09[ 5e-06  5e-06]
g12p17: -1e-09[ 0e+00  5e-06]
g12p18: -8e-09[ 5e-06  5e-06]
g12p19: -1e-09[ 0e+00  5e-06]
g12p20: -8e-09[ 5e-06  5e-06]
g12p21: -1e-09[ 0e+00  5e-06]
g12p22: -8e-09[ 5e-06  5e-06]
g12p23: -1e-09[ 0e+00  5e-06]
g12p24: -8e-09[ 5e-06  5e-06]
g12p25: -1e-09[ 0e+00  5e-06]
g12p26: -7e-09[ 5e-06  5e-06]
g12p27: -1e-09[ 0e+00  5e-06]
g12p28: -7e-09[ 5e-06  5e-06]
g12p29: -9e-10[ 0e+00  5e-06]
g12p30: -7e-09[ 5e-06  5e-06]
g12p31: -8e-10[ 0e+00  5e-06]
g12p32: -7e-09[ 5e-06  5e-06]
g12p33: -7e-10[ 0e+00  5e-06]
g12p34: -7e-09[ 5e-06  5e-06]
g12p35: -6e-10[ 0e+00  5e-06]
g12p36: -7e-09[ 5e-06  5e-06]
g12p37: -5e-10[ 0e+00  5e-06]
g12p38: -7e-09[ 5e-06  5e-06]
g12p39: -4e-10[ 0e+00  5e-06]
g12p40: -6e-09[ 5e-06  5e-06]
g12p41: -3e-10[ 0e+00  5e-06]
g12p42: -6e-09[ 5e-06  5e-06]
g12p43: -2e-10[ 0e+00  5e-06]
g12p44: -6e-09[ 5e-06  5e-06]
g12p45: -9e-11[ 0e+00  5e-06]
g12p46: -6e-09[ 5e-06  5e-06]
g12p47: +0e+00[ 0e+00  0e+00]
Gs:ss_cur |dFval   |dNEv/dNSc|dPLen   ||Fval    |
g12:4.9e-06|-2.0e-07| 119/  69|3.98e+00||7.45e-08|
g13p1: -6e-10[ 0e+00  2e-06]
g13p2: -2e-09[ 2e-06  2e-06]
g13p3: -6e-10[ 0e+00  2e-06]
g13p4: -2e-09[ 2e-06  2e-06]
g13p5: -5e-10[ 0e+00  2e-06]
g13p6: -2e-09[ 2e-06  2e-06]
g13p7: -5e-10[ 0e+00  2e-06]
g13p8: -2e-09[ 2e-06  2e-06]
g13p9: -5e-10[ 0e+00  2e-06]
g13p10: -2e-09[ 2e-06  2e-06]
g13p11: -5e-10[ 0e+00  2e-06]
g13p12: -2e-09[ 2e-06  2e-06]
g13p13: -5e-10[ 0e+00  2e-06]
g13p14: -2e-09[ 2e-06  2e-06]
g13p15: -4e-10[ 0e+00  2e-06]
g13p16: -2e-09[ 2e-06  2e-06]
g13p17: -4e-10[ 0e+00  2e-06]
g13p18: -2e-09[ 2e-06  2e-06]
g13p19: -4e-10[ 0e+00  2e-06]
g13p20: -2e-09[ 2e-06  2e-06]
g13p21: -4e-10[ 0e+00  2e-06]
g13p22: -2e-09[ 2e-06  2e-06]
g13p23: -3e-10[ 0e+00  2e-06]
g13p24: -2e-09[ 2e-06  2e-06]
g13p25: -3e-10[ 0e+00  2e-06]
g13p26: -2e-09[ 2e-06  2e-06]
g13p27: -3e-10[ 0e+00  2e-06]
g13p28: -2e-09[ 2e-06  2e-06]
g13p29: -3e-10[ 0e+00  2e-06]
g13p30: -2e-09[ 2e-06  2e-06]
g13p31: -2e-10[ 0e+00  2e-06]
g13p32: -2e-09[ 2e-06  2e-06]
g13p33: -2e-10[ 0e+00  2e-06]
g13p34: -2e-09[ 2e-06  2e-06]
g13p35: -2e-10[ 0e+00  2e-06]
g13p36: -2e-09[ 2e-06  2e-06]
g13p37: -2e-10[ 0e+00  2e-06]
g13p38: -2e-09[ 2e-06  2e-06]
g13p39: -1e-10[ 0e+00  2e-06]
g13p40: -2e-09[ 2e-06  2e-06]
g13p41: -1e-10[ 0e+00  2e-06]
g13p42: -2e-09[ 2e-06  2e-06]
g13p43: -9e-11[ 0e+00  2e-06]
g13p44: -2e-09[ 2e-06  2e-06]
g13p45: -7e-11[ 0e+00  2e-06]
g13p46: -2e-09[ 2e-06  2e-06]
g13p47: -4e-11[ 0e+00  2e-06]
g13p48: -2e-09[ 2e-06  2e-06]
g13p49: -2e-11[ 0e+00  2e-06]
g13p50: -2e-09[ 2e-06  2e-06]
g13p51: +0e+00[ 0e+00  0e+00]
Gs:ss_cur |dFval   |dNEv/dNSc|dPLen   ||Fval    |
g13:2.4e-06|-5.6e-08| 129/  75|3.98e+00||1.86e-08|
g14p1: -1e-10[ 0e+00  1e-06]
g14p2: -6e-10[ 1e-06  1e-06]
g14p3: -1e-10[ 0e+00  1e-06]
g14p4: -6e-10[ 1e-06  1e-06]
g14p5: -1e-10[ 0e+00  1e-06]
g14p6: -6e-10[ 1e-06  1e-06]
g14p7: -1e-10[ 0e+00  1e-06]
g14p8: -6e-10[ 1e-06  1e-06]
g14p9: -1e-10[ 0e+00  1e-06]
g14p10: -6e-10[ 1e-06  1e-06]
g14p11: -1e-10[ 0e+00  1e-06]
g14p12: -5e-10[ 1e-06  1e-06]
g14p13: -1e-10[ 0e+00  1e-06]
g14p14: -5e-10[ 1e-06  1e-06]
g14p15: -1e-10[ 0e+00  1e-06]
g14p16: -5e-10[ 1e-06  1e-06]
g14p17: -1e-10[ 0e+00  1e-06]
g14p18: -5e-10[ 1e-06  1e-06]
g14p19: -9e-11[ 0e+00  1e-06]
g14p20: -5e-10[ 1e-06  1e-06]
g14p21: -9e-11[ 0e+00  1e-06]
g14p22: -5e-10[ 1e-06  1e-06]
g14p23: -8e-11[ 0e+00  1e-06]
g14p24: -5e-10[ 1e-06  1e-06]
g14p25: -8e-11[ 0e+00  1e-06]
g14p26: -5e-10[ 1e-06  1e-06]
g14p27: -7e-11[ 0e+00  1e-06]
g14p28: -5e-10[ 1e-06  1e-06]
g14p29: -6e-11[ 0e+00  1e-06]
g14p30: -5e-10[ 1e-06  1e-06]
g14p31: -6e-11[ 0e+00  1e-06]
g14p32: -5e-10[ 1e-06  1e-06]
g14p33: -5e-11[ 0e+00  1e-06]
g14p34: -4e-10[ 1e-06  1e-06]
g14p35: -5e-11[ 0e+00  1e-06]
g14p36: -4e-10[ 1e-06  1e-06]
g14p37: -4e-11[ 0e+00  1e-06]
g14p38: -4e-10[ 1e-06  1e-06]
g14p39: -3e-11[ 0e+00  1e-06]
g14p40: -4e-10[ 1e-06  1e-06]
g14p41: -3e-11[ 0e+00  1e-06]
g14p42: -4e-10[ 1e-06  1e-06]
g14p43: -2e-11[ 0e+00  1e-06]
g14p44: -4e-10[ 1e-06  1e-06]
g14p45: -2e-11[ 0e+00  1e-06]
g14p46: -4e-10[ 1e-06  1e-06]
g14p47: -1e-11[ 0e+00  1e-06]
g14p48: -4e-10[ 1e-06  1e-06]
g14p49: -5e-12[ 0e+00  1e-06]
g14p50: -4e-10[ 1e-06  1e-06]
g14p51: +0e+00[ 0e+00  0e+00]
Gs:ss_cur |dFval   |dNEv/dNSc|dPLen   ||Fval    |
g14:1.2e-06|-1.4e-08| 129/  75|3.98e+00||4.66e-09|
g15p1: -4e-11[ 0e+00  6e-07]
g15p2: -1e-10[ 6e-07  6e-07]
g15p3: -4e-11[ 0e+00  6e-07]
g15p4: -1e-10[ 6e-07  6e-07]
g15p5: -3e-11[ 0e+00  6e-07]
g15p6: -1e-10[ 6e-07  6e-07]
g15p7: -3e-11[ 0e+00  6e-07]
g15p8: -1e-10[ 6e-07  6e-07]
g15p9: -3e-11[ 0e+00  6e-07]
g15p10: -1e-10[ 6e-07  6e-07]
g15p11: -3e-11[ 0e+00  6e-07]
g15p12: -1e-10[ 6e-07  6e-07]
g15p13: -3e-11[ 0e+00  6e-07]
g15p14: -1e-10[ 6e-07  6e-07]
g15p15: -3e-11[ 0e+00  6e-07]
g15p16: -1e-10[ 6e-07  6e-07]
g15p17: -3e-11[ 0e+00  6e-07]
g15p18: -1e-10[ 6e-07  6e-07]
g15p19: -2e-11[ 0e+00  6e-07]
g15p20: -1e-10[ 6e-07  6e-07]
g15p21: -2e-11[ 0e+00  6e-07]
g15p22: -1e-10[ 6e-07  6e-07]
g15p23: -2e-11[ 0e+00  6e-07]
g15p24: -1e-10[ 6e-07  6e-07]
g15p25: -2e-11[ 0e+00  6e-07]
g15p26: -1e-10[ 6e-07  6e-07]
g15p27: -2e-11[ 0e+00  6e-07]
g15p28: -1e-10[ 6e-07  6e-07]
g15p29: -2e-11[ 0e+00  6e-07]
g15p30: -1e-10[ 6e-07  6e-07]
g15p31: -1e-11[ 0e+00  6e-07]
g15p32: -1e-10[ 6e-07  6e-07]
g15p33: -1e-11[ 0e+00  6e-07]
g15p34: -1e-10[ 6e-07  6e-07]
g15p35: -1e-11[ 0e+00  6e-07]
g15p36: -1e-10[ 6e-07  6e-07]
g15p37: -1e-11[ 0e+00  6e-07]
g15p38: -1e-10[ 6e-07  6e-07]
g15p39: -9e-12[ 0e+00  6e-07]
g15p40: -1e-10[ 6e-07  6e-07]
g15p41: -7e-12[ 0e+00  6e-07]
g15p42: -1e-10[ 6e-07  6e-07]
g15p43: -6e-12[ 0e+00  6e-07]
g15p44: -1e-10[ 6e-07  6e-07]
g15p45: -4e-12[ 0e+00  6e-07]
g15p46: -1e-10[ 6e-07  6e-07]
g15p47: -3e-12[ 0e+00  6e-07]
g15p48: -1e-10[ 6e-07  6e-07]
g15p49: -1e-12[ 0e+00  6e-07]
g15p50: -9e-11[ 6e-07  6e-07]
g15p51: +0e+00[ 0e+00  0e+00]
Gs:ss_cur |dFval   |dNEv/dNSc|dPLen   ||Fval    |
g15:6.1e-07|-3.5e-09| 129/  75|3.98e+00||1.16e-09|
g16p1: -9e-12[ 0e+00  3e-07]
g16p2: -4e-11[ 3e-07  3e-07]
g16p3: -9e-12[ 0e+00  3e-07]
g16p4: -4e-11[ 3e-07  3e-07]
g16p5: -8e-12[ 0e+00  3e-07]
g16p6: -4e-11[ 3e-07  3e-07]
g16p7: -8e-12[ 0e+00  3e-07]
g16p8: -4e-11[ 3e-07  3e-07]
g16p9: -8e-12[ 0e+00  3e-07]
g16p10: -3e-11[ 3e-07  3e-07]
g16p11: -7e-12[ 0e+00  3e-07]
g16p12: -3e-11[ 3e-07  3e-07]
g16p13: -7e-12[ 0e+00  3e-07]
g16p14: -3e-11[ 3e-07  3e-07]
g16p15: -7e-12[ 0e+00  3e-07]
g16p16: -3e-11[ 3e-07  3e-07]
g16p17: -6e-12[ 0e+00  3e-07]
g16p18: -3e-11[ 3e-07  3e-07]
g16p19: -6e-12[ 0e+00  3e-07]
g16p20: -3e-11[ 3e-07  3e-07]
g16p21: -6e-12[ 0e+00  3e-07]
g16p22: -3e-11[ 3e-07  3e-07]
g16p23: -5e-12[ 0e+00  3e-07]
g16p24: -3e-11[ 3e-07  3e-07]
g16p25: -5e-12[ 0e+00  3e-07]
g16p26: -3e-11[ 3e-07  3e-07]
g16p27: -4e-12[ 0e+00  3e-07]
g16p28: -3e-11[ 3e-07  3e-07]
g16p29: -4e-12[ 0e+00  3e-07]
g16p30: -3e-11[ 3e-07  3e-07]
g16p31: -4e-12[ 0e+00  3e-07]
g16p32: -3e-11[ 3e-07  3e-07]
g16p33: -3e-12[ 0e+00  3e-07]
g16p34: -3e-11[ 3e-07  3e-07]
g16p35: -3e-12[ 0e+00  3e-07]
g16p36: -3e-11[ 3e-07  3e-07]
g16p37: -3e-12[ 0e+00  3e-07]
g16p38: -3e-11[ 3e-07  3e-07]
g16p39: -2e-12[ 0e+00  3e-07]
g16p40: -3e-11[ 3e-07  3e-07]
g16p41: -2e-12[ 0e+00  3e-07]
g16p42: -3e-11[ 3e-07  3e-07]
g16p43: -1e-12[ 0e+00  3e-07]
g16p44: -3e-11[ 3e-07  3e-07]
g16p45: -1e-12[ 0e+00  3e-07]
g16p46: -2e-11[ 3e-07  3e-07]
g16p47: -7e-13[ 0e+00  3e-07]
g16p48: -2e-11[ 3e-07  3e-07]
g16p49: -3e-13[ 0e+00  3e-07]
g16p50: -2e-11[ 3e-07  3e-07]
g16p51: +0e+00[ 0e+00  0e+00]
Gs:ss_cur |dFval   |dNEv/dNSc|dPLen   ||Fval    |
g16:3.1e-07|-8.7e-10| 129/  75|3.98e+00||2.91e-10|
g17p1: -2e-12[ 0e+00  2e-07]
g17p2: -9e-12[ 2e-07  2e-07]
g17p3: -2e-12[ 0e+00  2e-07]
g17p4: -9e-12[ 2e-07  2e-07]
g17p5: -2e-12[ 0e+00  2e-07]
g17p6: -9e-12[ 2e-07  2e-07]
g17p7: -2e-12[ 0e+00  2e-07]
g17p8: -9e-12[ 2e-07  2e-07]
g17p9: -2e-12[ 0e+00  2e-07]
g17p10: -9e-12[ 2e-07  2e-07]
g17p11: -2e-12[ 0e+00  2e-07]
g17p12: -9e-12[ 2e-07  2e-07]
g17p13: -2e-12[ 0e+00  2e-07]
g17p14: -8e-12[ 2e-07  2e-07]
g17p15: -2e-12[ 0e+00  2e-07]
g17p16: -8e-12[ 2e-07  2e-07]
g17p17: -2e-12[ 0e+00  2e-07]
g17p18: -8e-12[ 2e-07  2e-07]
g17p19: -1e-12[ 0e+00  2e-07]
g17p20: -8e-12[ 2e-07  2e-07]
g17p21: -1e-12[ 0e+00  2e-07]
g17p22: -8e-12[ 2e-07  2e-07]
g17p23: -1e-12[ 0e+00  2e-07]
g17p24: -8e-12[ 2e-07  2e-07]
g17p25: -1e-12[ 0e+00  2e-07]
g17p26: -8e-12[ 2e-07  2e-07]
g17p27: -1e-12[ 0e+00  2e-07]
g17p28: -7e-12[ 2e-07  2e-07]
g17p29: -1e-12[ 0e+00  2e-07]
g17p30: -7e-12[ 2e-07  2e-07]
g17p31: -9e-13[ 0e+00  2e-07]
g17p32: -7e-12[ 2e-07  2e-07]
g17p33: -8e-13[ 0e+00  2e-07]
g17p34: -7e-12[ 2e-07  2e-07]
g17p35: -7e-13[ 0e+00  2e-07]
g17p36: -7e-12[ 2e-07  2e-07]
g17p37: -6e-13[ 0e+00  2e-07]
g17p38: -7e-12[ 2e-07  2e-07]
g17p39: -5e-13[ 0e+00  2e-07]
g17p40: -7e-12[ 2e-07  2e-07]
g17p41: -4e-13[ 0e+00  2e-07]
g17p42: -6e-12[ 2e-07  2e-07]
g17p43: -3e-13[ 0e+00  2e-07]
g17p44: -6e-12[ 2e-07  2e-07]
g17p45: -3e-13[ 0e+00  2e-07]
g17p46: -6e-12[ 2e-07  2e-07]
g17p47: -2e-13[ 0e+00  2e-07]
g17p48: -6e-12[ 2e-07  2e-07]
g17p49: -7e-14[ 0e+00  2e-07]
g17p50: -6e-12[ 2e-07  2e-07]
g17p51: +0e+00[ 0e+00  0e+00]
Gs:ss_cur |dFval   |dNEv/dNSc|dPLen   ||Fval    |
g17:1.5e-07|-2.2e-10| 129/  75|3.98e+00||7.28e-11|
g18p1: -6e-13[ 0e+00  8e-08]
g18p2: -2e-12[ 8e-08  8e-08]
g18p3: -6e-13[ 0e+00  8e-08]
g18p4: -2e-12[ 8e-08  8e-08]
g18p5: -5e-13[ 0e+00  8e-08]
g18p6: -2e-12[ 8e-08  8e-08]
g18p7: -5e-13[ 0e+00  8e-08]
g18p8: -2e-12[ 8e-08  8e-08]
g18p9: -5e-13[ 0e+00  8e-08]
g18p10: -2e-12[ 8e-08  8e-08]
g18p11: -5e-13[ 0e+00  8e-08]
g18p12: -2e-12[ 8e-08  8e-08]
g18p13: -4e-13[ 0e+00  8e-08]
g18p14: -2e-12[ 8e-08  8e-08]
g18p15: -4e-13[ 0e+00  8e-08]
g18p16: -2e-12[ 8e-08  8e-08]
g18p17: -4e-13[ 0e+00  8e-08]
g18p18: -2e-12[ 8e-08  8e-08]
g18p19: -4e-13[ 0e+00  8e-08]
g18p20: -2e-12[ 8e-08  8e-08]
g18p21: -3e-13[ 0e+00  8e-08]
g18p22: -2e-12[ 8e-08  8e-08]
g18p23: -3e-13[ 0e+00  8e-08]
g18p24: -2e-12[ 8e-08  8e-08]
g18p25: -3e-13[ 0e+00  8e-08]
g18p26: -2e-12[ 8e-08  8e-08]
g18p27: -3e-13[ 0e+00  8e-08]
g18p28: -2e-12[ 8e-08  8e-08]
g18p29: -3e-13[ 0e+00  8e-08]
g18p30: -2e-12[ 8e-08  8e-08]
g18p31: -2e-13[ 0e+00  8e-08]
g18p32: -2e-12[ 8e-08  8e-08]
g18p33: -2e-13[ 0e+00  8e-08]
g18p34: -2e-12[ 8e-08  8e-08]
g18p35: -2e-13[ 0e+00  8e-08]
g18p36: -2e-12[ 8e-08  8e-08]
g18p37: -2e-13[ 0e+00  8e-08]
g18p38: -2e-12[ 8e-08  8e-08]
g18p39: -1e-13[ 0e+00  8e-08]
g18p40: -2e-12[ 8e-08  8e-08]
g18p41: -1e-13[ 0e+00  8e-08]
g18p42: -2e-12[ 8e-08  8e-08]
g18p43: -9e-14[ 0e+00  8e-08]
g18p44: -2e-12[ 8e-08  8e-08]
g18p45: -6e-14[ 0e+00  8e-08]
g18p46: -2e-12[ 8e-08  8e-08]
g18p47: -4e-14[ 0e+00  8e-08]
g18p48: -2e-12[ 8e-08  8e-08]
g18p49: -2e-14[ 0e+00  8e-08]
g18p50: -1e-12[ 8e-08  8e-08]
g18p51: +0e+00[ 0e+00  0e+00]
Gs:ss_cur |dFval   |dNEv/dNSc|dPLen   ||Fval    |
g18:7.6e-08|-5.5e-11| 129/  75|3.98e+00||1.82e-11|
g19p1: -1e-13[ 0e+00  4e-08]
g19p2: -6e-13[ 4e-08  4e-08]
g19p3: -1e-13[ 0e+00  4e-08]
g19p4: -6e-13[ 4e-08  4e-08]
g19p5: -1e-13[ 0e+00  4e-08]
g19p6: -6e-13[ 4e-08  4e-08]
g19p7: -1e-13[ 0e+00  4e-08]
g19p8: -6e-13[ 4e-08  4e-08]
g19p9: -1e-13[ 0e+00  4e-08]
g19p10: -5e-13[ 4e-08  4e-08]
g19p11: -1e-13[ 0e+00  4e-08]
g19p12: -5e-13[ 4e-08  4e-08]
g19p13: -1e-13[ 0e+00  4e-08]
g19p14: -5e-13[ 4e-08  4e-08]
g19p15: -1e-13[ 0e+00  4e-08]
g19p16: -5e-13[ 4e-08  4e-08]
g19p17: -1e-13[ 0e+00  4e-08]
g19p18: -5e-13[ 4e-08  4e-08]
g19p19: -9e-14[ 0e+00  4e-08]
g19p20: -5e-13[ 4e-08  4e-08]
g19p21: -9e-14[ 0e+00  4e-08]
g19p22: -5e-13[ 4e-08  4e-08]
g19p23: -8e-14[ 0e+00  4e-08]
g19p24: -5e-13[ 4e-08  4e-08]
g19p25: -7e-14[ 0e+00  4e-08]
g19p26: -5e-13[ 4e-08  4e-08]
Gs:ss_cur |dFval   |dNEv/dNSc|dPLen   ||Fval    |
g19:3.8e-08|-8.2e-12|  65/  39|3.98e+00||9.96e-12|