2024-08-29/12ч26м10с

+ + + MHJ01_cls№1: dim=2; Fval=4.00e+00/Func=tsFnRosen; ss_init=1.00e-02; ss_min=1.00e-03; ss_coef=2; minFval=1.00e-01; maxNEv=100000.0; X=[-1, 1]; useBlock=True/
g1p1: -3e-02[ 1e-02 -1e-02]
g1p2: -1e-02[       -1e-02]
g1p3: -3e-02[ 1e-02 -1e-02]
g1p4: -9e-03[       -1e-02]
g1p5: -3e-02[ 1e-02 -1e-02]
g1p6: -7e-03[       -1e-02]
g1p7: -3e-02[ 1e-02 -1e-02]
g1p8: -5e-03[       -1e-02]
g1p9: -3e-02[ 1e-02 -1e-02]
g1p10: -3e-03[       -1e-02]
g1p11: -3e-02[ 1e-02 -1e-02]
g1p12: -5e-04[       -1e-02]
g1p13: -3e-02[ 1e-02 -1e-02]
g1p14: +0e+00[             ]
Gs:ss_cur |dFval   |dNEv/dNSc|dPLen   ||Fval    ||dNblk
g1:1.0e-02|-2.6e-01|  42/  20|2.00e-01||3.74e+00||   7
g2p1: -1e-02[ 5e-03 -5e-03]
g2p2: -6e-03[       -5e-03]
g2p3: -1e-02[ 5e-03 -5e-03]
g2p4: -5e-03[       -5e-03]
g2p5: -1e-02[ 5e-03 -5e-03]
g2p6: -4e-03[       -5e-03]
g2p7: -1e-02[ 5e-03 -5e-03]
g2p8: -3e-03[       -5e-03]
g2p9: -1e-02[ 5e-03 -5e-03]
g2p10: -1e-02[ 5e-03 -5e-03]
g2p11: -6e-03[       -5e-03]
g2p12: -1e-02[ 5e-03 -5e-03]
g2p13: -5e-03[       -5e-03]
g2p14: -1e-02[ 5e-03 -5e-03]
g2p15: -3e-03[       -5e-03]
g2p16: -1e-02[ 5e-03 -5e-03]
g2p17: -2e-03[       -5e-03]
g2p18: -1e-02[ 5e-03 -5e-03]
g2p19: -1e-02[ 5e-03 -5e-03]
g2p20: -5e-03[       -5e-03]
g2p21: -1e-02[ 5e-03 -5e-03]
g2p22: -3e-03[       -5e-03]
g2p23: -1e-02[ 5e-03 -5e-03]
g2p24: -2e-03[       -5e-03]
g2p25: -1e-02[ 5e-03 -5e-03]
g2p26: -1e-02[ 5e-03 -5e-03]
g2p27: -4e-03[       -5e-03]
g2p28: -1e-02[ 5e-03 -5e-03]
g2p29: -2e-03[       -5e-03]
g2p30: -1e-02[ 5e-03 -5e-03]
g2p31: -1e-02[ 5e-03 -5e-03]
g2p32: -4e-03[       -5e-03]
g2p33: -1e-02[ 5e-03 -5e-03]
g2p34: -2e-03[       -5e-03]
g2p35: -1e-02[ 5e-03 -5e-03]
g2p36: -1e-02[ 5e-03 -5e-03]
g2p37: -4e-03[       -5e-03]
g2p38: -1e-02[ 5e-03 -5e-03]
g2p39: -2e-03[       -5e-03]
g2p40: -1e-02[ 5e-03 -5e-03]
g2p41: -1e-02[ 5e-03 -5e-03]
g2p42: -3e-03[       -5e-03]
g2p43: -1e-02[ 5e-03 -5e-03]
g2p44: -9e-03[ 5e-03 -5e-03]
g2p45: -4e-03[       -5e-03]
g2p46: -1e-02[ 5e-03 -5e-03]
g2p47: -2e-03[       -5e-03]
g2p48: -1e-02[ 5e-03 -5e-03]
g2p49: -1e-02[ 5e-03 -5e-03]
g2p50: -3e-03[       -5e-03]
g2p51: -1e-02[ 5e-03 -5e-03]
g2p52: -9e-03[ 5e-03 -5e-03]
g2p53: -3e-03[       -5e-03]
g2p54: -1e-02[ 5e-03 -5e-03]
g2p55: -9e-03[ 5e-03 -5e-03]
g2p56: -3e-03[       -5e-03]
g2p57: -1e-02[ 5e-03 -5e-03]
g2p58: -9e-03[ 5e-03 -5e-03]
g2p59: -3e-03[       -5e-03]
g2p60: -1e-02[ 5e-03 -5e-03]
g2p61: -9e-03[ 5e-03 -5e-03]
g2p62: -3e-03[       -5e-03]
g2p63: -1e-02[ 5e-03 -5e-03]
g2p64: -9e-03[ 5e-03 -5e-03]
g2p65: -3e-03[       -5e-03]
g2p66: -1e-02[ 5e-03 -5e-03]
g2p67: -9e-03[ 5e-03 -5e-03]
g2p68: -2e-03[       -5e-03]
g2p69: -1e-02[ 5e-03 -5e-03]
g2p70: -9e-03[ 5e-03 -5e-03]
g2p71: -1e-03[       -5e-03]
g2p72: -1e-02[ 5e-03 -5e-03]
g2p73: -9e-03[ 5e-03 -5e-03]
g2p74: -8e-03[ 5e-03 -5e-03]
g2p75: -2e-03[       -5e-03]
g2p76: -1e-02[ 5e-03 -5e-03]
g2p77: -9e-03[ 5e-03 -5e-03]
g2p78: -1e-03[       -5e-03]
g2p79: -1e-02[ 5e-03 -5e-03]
g2p80: -9e-03[ 5e-03 -5e-03]
g2p81: -8e-03[ 5e-03 -5e-03]
g2p82: -2e-03[       -5e-03]
g2p83: -9e-03[ 5e-03 -5e-03]
g2p84: -9e-03[ 5e-03 -5e-03]
g2p85: -8e-03[ 5e-03 -5e-03]
g2p86: -1e-03[       -5e-03]
g2p87: -9e-03[ 5e-03 -5e-03]
g2p88: -9e-03[ 5e-03 -5e-03]
g2p89: -8e-03[ 5e-03 -5e-03]
g2p90: -8e-03[ 5e-03 -5e-03]
g2p91: -2e-03[       -5e-03]
g2p92: -9e-03[ 5e-03 -5e-03]
g2p93: -8e-03[ 5e-03 -5e-03]
g2p94: -8e-03[ 5e-03 -5e-03]
g2p95: -8e-03[ 5e-03 -5e-03]
g2p96: -2e-03[       -5e-03]
g2p97: -9e-03[ 5e-03 -5e-03]
g2p98: -8e-03[ 5e-03 -5e-03]
g2p99: -8e-03[ 5e-03 -5e-03]
g2p100: -8e-03[ 5e-03 -5e-03]
g2p101: -8e-03[ 5e-03 -5e-03]
g2p102: -2e-03[       -5e-03]
g2p103: -8e-03[ 5e-03 -5e-03]
g2p104: -8e-03[ 5e-03 -5e-03]
g2p105: -8e-03[ 5e-03 -5e-03]
g2p106: -8e-03[ 5e-03 -5e-03]
g2p107: -8e-03[ 5e-03 -5e-03]
g2p108: -8e-03[ 5e-03 -5e-03]
g2p109: -8e-03[ 5e-03 -5e-03]
g2p110: -2e-03[       -5e-03]
g2p111: -8e-03[ 5e-03 -5e-03]
g2p112: -8e-03[ 5e-03 -5e-03]
g2p113: -8e-03[ 5e-03 -5e-03]
g2p114: -8e-03[ 5e-03 -5e-03]
g2p115: -8e-03[ 5e-03 -5e-03]
g2p116: -8e-03[ 5e-03 -5e-03]
g2p117: -8e-03[ 5e-03 -5e-03]
g2p118: -8e-03[ 5e-03 -5e-03]
g2p119: -8e-03[ 5e-03 -5e-03]
g2p120: -8e-03[ 5e-03 -5e-03]
g2p121: -8e-03[ 5e-03 -5e-03]
g2p122: -8e-03[ 5e-03 -5e-03]
g2p123: -8e-03[ 5e-03 -5e-03]
g2p124: -8e-03[ 5e-03 -5e-03]
g2p125: -8e-03[ 5e-03 -5e-03]
g2p126: -8e-03[ 5e-03 -5e-03]
g2p127: -8e-03[ 5e-03 -5e-03]
g2p128: -8e-03[ 5e-03 -5e-03]
g2p129: -8e-03[ 5e-03 -5e-03]
g2p130: -7e-03[ 5e-03 -5e-03]
g2p131: -7e-03[ 5e-03 -5e-03]
g2p132: -7e-03[ 5e-03 -5e-03]
g2p133: -7e-03[ 5e-03 -5e-03]
g2p134: -7e-03[ 5e-03 -5e-03]
g2p135: -7e-03[ 5e-03 -5e-03]
g2p136: -7e-03[ 5e-03       ]
g2p137: -8e-03[ 5e-03 -5e-03]
g2p138: -7e-03[ 5e-03 -5e-03]
g2p139: -7e-03[ 5e-03 -5e-03]
g2p140: -7e-03[ 5e-03 -5e-03]
g2p141: -7e-03[ 5e-03 -5e-03]
g2p142: -8e-03[ 5e-03       ]
g2p143: -8e-03[ 5e-03 -5e-03]
g2p144: -7e-03[ 5e-03 -5e-03]
g2p145: -7e-03[ 5e-03 -5e-03]
g2p146: -7e-03[ 5e-03       ]
g2p147: -8e-03[ 5e-03 -5e-03]
g2p148: -7e-03[ 5e-03 -5e-03]
g2p149: -7e-03[ 5e-03 -5e-03]
g2p150: -7e-03[ 5e-03       ]
g2p151: -8e-03[ 5e-03 -5e-03]
g2p152: -7e-03[ 5e-03 -5e-03]
g2p153: -7e-03[ 5e-03       ]
g2p154: -8e-03[ 5e-03 -5e-03]
g2p155: -7e-03[ 5e-03 -5e-03]
g2p156: -7e-03[ 5e-03       ]
g2p157: -8e-03[ 5e-03 -5e-03]
g2p158: -7e-03[ 5e-03 -5e-03]
g2p159: -7e-03[ 5e-03       ]
g2p160: -8e-03[ 5e-03 -5e-03]
g2p161: -7e-03[ 5e-03 -5e-03]
g2p162: -8e-03[ 5e-03       ]
g2p163: -8e-03[ 5e-03 -5e-03]
g2p164: -7e-03[ 5e-03       ]
g2p165: -8e-03[ 5e-03 -5e-03]
g2p166: -7e-03[ 5e-03       ]
g2p167: -8e-03[ 5e-03 -5e-03]
g2p168: -7e-03[ 5e-03 -5e-03]
g2p169: -8e-03[ 5e-03       ]
g2p170: -7e-03[ 5e-03 -5e-03]
g2p171: -8e-03[ 5e-03       ]
g2p172: -8e-03[ 5e-03 -5e-03]
g2p173: -8e-03[ 5e-03       ]
g2p174: -8e-03[ 5e-03 -5e-03]
g2p175: -8e-03[ 5e-03       ]
g2p176: -7e-03[ 5e-03 -5e-03]
g2p177: -9e-03[ 5e-03       ]
g2p178: -8e-03[ 5e-03       ]
g2p179: -9e-03[ 5e-03 -5e-03]
g2p180: -8e-03[ 5e-03       ]
g2p181: -8e-03[ 5e-03 -5e-03]
g2p182: -8e-03[ 5e-03       ]
g2p183: -8e-03[ 5e-03       ]
g2p184: -9e-03[ 5e-03 -5e-03]
g2p185: -8e-03[ 5e-03       ]
g2p186: -8e-03[ 5e-03 -5e-03]
g2p187: -9e-03[ 5e-03       ]
g2p188: -8e-03[ 5e-03       ]
g2p189: -8e-03[ 5e-03 -5e-03]
g2p190: -9e-03[ 5e-03       ]
g2p191: -8e-03[ 5e-03       ]
g2p192: -8e-03[ 5e-03 -5e-03]
g2p193: -9e-03[ 5e-03       ]
g2p194: -9e-03[ 5e-03       ]
g2p195: -8e-03[ 5e-03       ]
g2p196: -9e-03[ 5e-03 -5e-03]
g2p197: -9e-03[ 5e-03       ]
g2p198: -9e-03[ 5e-03       ]
g2p199: -9e-03[ 5e-03       ]
g2p200: -9e-03[ 5e-03 -5e-03]
g2p201: -9e-03[ 5e-03       ]
g2p202: -9e-03[ 5e-03       ]
g2p203: -9e-03[ 5e-03       ]
g2p204: -9e-03[ 5e-03       ]
g2p205: -9e-03[ 5e-03 -5e-03]
g2p206: -9e-03[ 5e-03       ]
g2p207: -9e-03[ 5e-03       ]
g2p208: -9e-03[ 5e-03       ]
g2p209: -9e-03[ 5e-03       ]
g2p210: -9e-03[ 5e-03       ]
g2p211: -9e-03[ 5e-03       ]
g2p212: -9e-03[ 5e-03 -5e-03]
g2p213: -1e-02[ 5e-03       ]
g2p214: -1e-02[ 5e-03       ]
g2p215: -1e-02[ 5e-03       ]
g2p216: -1e-02[ 5e-03       ]
g2p217: -1e-02[ 5e-03       ]
g2p218: -1e-02[ 5e-03       ]
g2p219: -1e-02[ 5e-03       ]
g2p220: -1e-02[ 5e-03       ]
g2p221: -1e-02[ 5e-03       ]
g2p222: -1e-02[ 5e-03       ]
g2p223: -1e-02[ 5e-03       ]
g2p224: -1e-02[ 5e-03       ]
g2p225: -1e-02[ 5e-03       ]
g2p226: -1e-02[ 5e-03       ]
g2p227: -1e-02[ 5e-03       ]
g2p228: -1e-02[ 5e-03       ]
g2p229: -1e-02[ 5e-03       ]
g2p230: -1e-02[ 5e-03       ]
g2p231: -1e-02[ 5e-03       ]
g2p232: -1e-02[ 5e-03       ]
g2p233: -1e-02[ 5e-03  5e-03]
g2p234: -1e-02[ 5e-03       ]
g2p235: -1e-02[ 5e-03       ]
g2p236: -1e-02[ 5e-03       ]
g2p237: -1e-02[ 5e-03       ]
g2p238: -1e-02[ 5e-03       ]
g2p239: -1e-02[ 5e-03       ]
g2p240: -1e-02[ 5e-03  5e-03]
g2p241: -1e-02[ 5e-03       ]
g2p242: -1e-02[ 5e-03       ]
g2p243: -1e-02[ 5e-03       ]
g2p244: -1e-02[ 5e-03       ]
g2p245: -1e-02[ 5e-03  5e-03]
g2p246: -1e-02[ 5e-03       ]
g2p247: -1e-02[ 5e-03       ]
g2p248: -1e-02[ 5e-03       ]
g2p249: -1e-02[ 5e-03  5e-03]
g2p250: -1e-02[ 5e-03       ]
g2p251: -1e-02[ 5e-03       ]
g2p252: -1e-02[ 5e-03       ]
g2p253: -1e-02[ 5e-03  5e-03]
g2p254: -1e-02[ 5e-03       ]
g2p255: -1e-02[ 5e-03       ]
g2p256: -1e-02[ 5e-03  5e-03]
g2p257: -1e-02[ 5e-03       ]
g2p258: -1e-02[ 5e-03       ]
g2p259: -1e-02[ 5e-03  5e-03]
g2p260: -1e-02[ 5e-03       ]
g2p261: -1e-02[ 5e-03  5e-03]
g2p262: -1e-02[ 5e-03       ]
g2p263: -1e-02[ 5e-03       ]
g2p264: -1e-02[ 5e-03  5e-03]
g2p265: -1e-02[ 5e-03       ]
g2p266: -1e-02[ 5e-03  5e-03]
g2p267: -1e-02[ 5e-03       ]
g2p268: -1e-02[ 5e-03       ]
g2p269: -1e-02[ 5e-03  5e-03]
g2p270: -1e-02[ 5e-03       ]
g2p271: -1e-02[ 5e-03  5e-03]
g2p272: -1e-02[ 5e-03       ]
g2p273: -1e-02[ 5e-03  5e-03]
g2p274: -1e-02[ 5e-03       ]
g2p275: -1e-02[ 5e-03  5e-03]
g2p276: -1e-02[ 5e-03       ]
g2p277: -1e-02[ 5e-03  5e-03]
g2p278: -1e-02[ 5e-03  5e-03]
g2p279: -1e-02[ 5e-03       ]
g2p280: -1e-02[ 5e-03  5e-03]
g2p281: -1e-02[ 5e-03       ]
g2p282: -1e-02[ 5e-03  5e-03]
g2p283: -1e-02[ 5e-03       ]
g2p284: -1e-02[ 5e-03  5e-03]
g2p285: -1e-02[ 5e-03  5e-03]
g2p286: -1e-02[ 5e-03       ]
g2p287: -1e-02[ 5e-03  5e-03]
g2p288: -1e-02[ 5e-03  5e-03]
g2p289: -1e-02[ 5e-03       ]
g2p290: -1e-02[ 5e-03  5e-03]
g2p291: -1e-02[ 5e-03  5e-03]
g2p292: -1e-02[ 5e-03       ]
g2p293: -1e-02[ 5e-03  5e-03]
g2p294: -1e-02[ 5e-03  5e-03]
g2p295: -1e-02[ 5e-03       ]
g2p296: -1e-02[ 5e-03  5e-03]
g2p297: -1e-02[ 5e-03  5e-03]
g2p298: -1e-02[ 5e-03  5e-03]
g2p299: -1e-02[ 5e-03       ]
g2p300: -1e-02[ 5e-03  5e-03]
g2p301: -1e-02[ 5e-03  5e-03]
g2p302: -1e-02[ 5e-03  5e-03]
g2p303: -1e-02[ 5e-03       ]
g2p304: -1e-02[ 5e-03  5e-03]
g2p305: -1e-02[ 5e-03  5e-03]
g2p306: -1e-02[ 5e-03  5e-03]
g2p307: -1e-02[ 5e-03  5e-03]
g2p308: -1e-02[ 5e-03  5e-03]
g2p309: -1e-02[ 5e-03       ]
g2p310: -1e-02[ 5e-03  5e-03]
g2p311: -1e-02[ 5e-03  5e-03]
g2p312: -1e-02[ 5e-03  5e-03]
g2p313: -1e-02[ 5e-03  5e-03]
g2p314: -1e-02[ 5e-03  5e-03]
g2p315: -1e-02[ 5e-03  5e-03]
g2p316: -1e-02[ 5e-03  5e-03]
g2p317: -1e-02[ 5e-03  5e-03]
g2p318: -1e-02[ 5e-03  5e-03]
g2p319: -1e-02[ 5e-03  5e-03]
g2p320: -1e-02[ 5e-03  5e-03]
g2p321: -1e-02[ 5e-03  5e-03]
g2p322: -1e-02[ 5e-03       ]
g2p323: -1e-02[ 5e-03  5e-03]
g2p324: -1e-02[ 5e-03  5e-03]
g2p325: -1e-02[ 5e-03  5e-03]
g2p326: -1e-02[ 5e-03  5e-03]
g2p327: -1e-02[ 5e-03  5e-03]
g2p328: -1e-02[ 5e-03  5e-03]
g2p329: -1e-02[ 5e-03  5e-03]
g2p330: -1e-02[ 5e-03  5e-03]
g2p331: -1e-02[ 5e-03  5e-03]
g2p332: -1e-02[ 5e-03  5e-03]
g2p333: -1e-02[ 5e-03  5e-03]
g2p334: -1e-02[ 5e-03  5e-03]
g2p335: -1e-02[ 5e-03  5e-03]
g2p336: -1e-02[ 5e-03  5e-03]
g2p337: -1e-02[ 5e-03  5e-03]
g2p338: -1e-02[ 5e-03  5e-03]
g2p339: -6e-03[        5e-03]
g2p340: -1e-02[ 5e-03  5e-03]
g2p341: -1e-02[ 5e-03  5e-03]
g2p342: -1e-02[ 5e-03  5e-03]
g2p343: -1e-02[ 5e-03  5e-03]
g2p344: -1e-02[ 5e-03  5e-03]
g2p345: -5e-03[        5e-03]
g2p346: -1e-02[ 5e-03  5e-03]
g2p347: -1e-02[ 5e-03  5e-03]
g2p348: -1e-02[ 5e-03  5e-03]
g2p349: -1e-02[ 5e-03  5e-03]
g2p350: -4e-03[        5e-03]
g2p351: -1e-02[ 5e-03  5e-03]
g2p352: -1e-02[ 5e-03  5e-03]
g2p353: -1e-02[ 5e-03  5e-03]
g2p354: -3e-03[        5e-03]
g2p355: -1e-02[ 5e-03  5e-03]
g2p356: -1e-02[ 5e-03  5e-03]
g2p357: -1e-02[ 5e-03  5e-03]
g2p358: -9e-03[ 5e-03  5e-03]
g2p359: -4e-03[        5e-03]
g2p360: -1e-02[ 5e-03  5e-03]
g2p361: -9e-03[ 5e-03  5e-03]
g2p362: -9e-03[ 5e-03  5e-03]
g2p363: -4e-03[        5e-03]
g2p364: -1e-02[ 5e-03  5e-03]
g2p365: -9e-03[ 5e-03  5e-03]
g2p366: -2e-03[        5e-03]
g2p367: -1e-02[ 5e-03  5e-03]
g2p368: -9e-03[ 5e-03  5e-03]
g2p369: -9e-03[ 5e-03  5e-03]
g2p370: -3e-03[        5e-03]
g2p371: -1e-02[ 5e-03  5e-03]
g2p372: -9e-03[ 5e-03  5e-03]
g2p373: -2e-03[        5e-03]
g2p374: -1e-02[ 5e-03  5e-03]
g2p375: -9e-03[ 5e-03  5e-03]
g2p376: -7e-04[        5e-03]
g2p377: -1e-02[ 5e-03  5e-03]
g2p378: -9e-03[ 5e-03  5e-03]
g2p379: -8e-03[ 5e-03  5e-03]
g2p380: -2e-03[        5e-03]
g2p381: -9e-03[ 5e-03  5e-03]
g2p382: -8e-03[ 5e-03  5e-03]
g2p383: -2e-03[        5e-03]
g2p384: -9e-03[ 5e-03  5e-03]
g2p385: -7e-03[ 5e-03  5e-03]
g2p386: -2e-03[        5e-03]
g2p387: -9e-03[ 5e-03  5e-03]
g2p388: -7e-03[ 5e-03  5e-03]
g2p389: -2e-03[        5e-03]
g2p390: -8e-03[ 5e-03  5e-03]
g2p391: +0e+00[             ]
Gs:ss_cur |dFval   |dNEv/dNSc|dPLen   ||Fval    ||dNblk
g2:5.0e-03|-3.5e+00|1070/ 629|3.34e+00||2.17e-01||  37
g3p1: -4e-03[ 3e-03  3e-03]
g3p2: -3e-03[ 3e-03  3e-03]
g3p3: -2e-03[        3e-03]
g3p4: -3e-03[ 3e-03  3e-03]
g3p5: -1e-03[        3e-03]
g3p6: -4e-03[ 3e-03  3e-03]
g3p7: -3e-03[ 3e-03  3e-03]
g3p8: -1e-03[        3e-03]
g3p9: -4e-03[ 3e-03  3e-03]
g3p10: -3e-03[ 3e-03  3e-03]
g3p11: -1e-03[        3e-03]
g3p12: -3e-03[ 3e-03  3e-03]
g3p13: -3e-03[ 3e-03  3e-03]
g3p14: -2e-03[        3e-03]
g3p15: -3e-03[ 3e-03  3e-03]
g3p16: -1e-03[        3e-03]
g3p17: -3e-03[ 3e-03  3e-03]
g3p18: -3e-03[ 3e-03  3e-03]
g3p19: -1e-03[        3e-03]
g3p20: -3e-03[ 3e-03  3e-03]
g3p21: -3e-03[ 3e-03  3e-03]
g3p22: -1e-03[        3e-03]
g3p23: -3e-03[ 3e-03  3e-03]
g3p24: -9e-04[        3e-03]
g3p25: -3e-03[ 3e-03  3e-03]
g3p26: -3e-03[ 3e-03  3e-03]
g3p27: -1e-03[        3e-03]
g3p28: -3e-03[ 3e-03  3e-03]
g3p29: -7e-04[        3e-03]
g3p30: -3e-03[ 3e-03  3e-03]
g3p31: -3e-03[ 3e-03  3e-03]
g3p32: -1e-03[        3e-03]
g3p33: -3e-03[ 3e-03  3e-03]
g3p34: -3e-03[ 3e-03  3e-03]
g3p35: -1e-03[        3e-03]
g3p36: -3e-03[ 3e-03  3e-03]
g3p37: -8e-04[        3e-03]
g3p38: -3e-03[ 3e-03  3e-03]
g3p39: -2e-03[ 3e-03  3e-03]
g3p40: -1e-03[        3e-03]
g3p41: -3e-03[ 3e-03  3e-03]
g3p42: -7e-04[        3e-03]
g3p43: -3e-03[ 3e-03  3e-03]
g3p44: -3e-04[        3e-03]
g3p45: -3e-03[ 3e-03  3e-03]
g3p46: -3e-03[ 3e-03  3e-03]
g3p47: -7e-04[        3e-03]
g3p48: -3e-03[ 3e-03  3e-03]
g3p49: -3e-04[        3e-03]
g3p50: -3e-03[ 3e-03  3e-03]
g3p51: -2e-03[ 3e-03  3e-03]
Gs:ss_cur |dFval   |dNEv/dNSc|dPLen   ||Fval    ||dNblk
g3:2.5e-03|-1.2e-01| 121/  83|3.55e+00||9.95e-02||   0